1.162645520404036859e+02 2.559205152013425688e-01
1.770495490310117361e+02 3.158121632484091612e-01
1.095969781603369881e+02 2.484738732886470902e-01
6.375036610988151864e+01 1.895059200676315614e-01
3.657589023995244304e+01 1.435419668559421991e-01
2.168764166999129728e+01 1.105318921486291989e-01
1.567184060000596446e+01 9.395966137232168724e-02
8.872447500002270004e+00 7.069735391212517150e-02
6.954308850001228670e+00 6.259050091244830472e-02
3.254920739999806134e+00 4.282049159531089305e-02
2.028551330000106567e+00 3.380449409071167172e-02
8.427416799999719599e-01 2.178856742868571714e-02
5.036170199999882024e-01 1.684347279739523487e-02
1.757589600000002139e-01 9.950391697656936832e-03
9.745609000000012012e-02 7.409449316899338611e-03
