2.500000000000000000e+02 4.000000000000000000e+02 3.906900154040000156e-02
4.000000000000000000e+02 4.800000000000000000e+02 4.648040231540000178e-02
4.800000000000000000e+02 5.600000000000000000e+02 2.488622180989999780e-02
5.600000000000000000e+02 6.400000000000000000e+02 1.306102138799999923e-02
6.400000000000000000e+02 7.200000000000000000e+02 7.084611042300000515e-03
7.200000000000000000e+02 8.000000000000000000e+02 3.992093838429999417e-03
8.000000000000000000e+02 9.000000000000000000e+02 2.755652808759999871e-03
9.000000000000000000e+02 1.000000000000000000e+03 1.480194621999999897e-03
1.000000000000000000e+03 1.150000000000000000e+03 1.102797674249999995e-03
1.150000000000000000e+03 1.300000000000000000e+03 4.980308581100000498e-04
1.300000000000000000e+03 1.500000000000000000e+03 2.901862146199999976e-04
1.500000000000000000e+03 1.700000000000000000e+03 1.196210639300000051e-04
1.700000000000000000e+03 2.000000000000000000e+03 6.726719628000000291e-05
2.000000000000000000e+03 2.300000000000000000e+03 2.205662722000000162e-05
2.300000000000000000e+03 3.500000000000000000e+03 1.260287404999999890e-05
