2.500000000000000000e+02 4.000000000000000000e+02 -2.274350000316270083e-03
4.000000000000000000e+02 4.800000000000000000e+02 -3.751680001339699911e-03
4.800000000000000000e+02 5.600000000000000000e+02 -2.895554003039199804e-03
5.600000000000000000e+02 6.400000000000000000e+02 -2.107393006096600161e-03
6.400000000000000000e+02 7.200000000000000000e+02 -1.541937011681000086e-03
7.200000000000000000e+02 8.000000000000000000e+02 -1.156165020345000004e-03
8.000000000000000000e+02 9.000000000000000000e+02 -1.071005049435000021e-03
9.000000000000000000e+02 1.000000000000000000e+03 -7.972531007800000595e-04
1.000000000000000000e+03 1.150000000000000000e+03 -8.891573924399999961e-04
1.150000000000000000e+03 1.300000000000000000e+03 -6.961139143999999944e-04
1.300000000000000000e+03 1.500000000000000000e+03 -9.638916229999999275e-04
1.500000000000000000e+03 1.700000000000000000e+03 -3.964807000000000205e-04
1.700000000000000000e+03 2.000000000000000000e+03 3.322222029999999664e-04
2.000000000000000000e+03 2.300000000000000000e+03 5.198443209999999560e-05
2.300000000000000000e+03 3.500000000000000000e+03 2.092281403000000010e-05
