2.500000000000000000e+02 4.000000000000000000e+02 -5.428510004280000072e-03
4.000000000000000000e+02 4.800000000000000000e+02 -9.214240019970999090e-03
4.800000000000000000e+02 5.600000000000000000e+02 -7.474800052951999750e-03
5.600000000000000000e+02 6.400000000000000000e+02 -5.829510130879999967e-03
6.400000000000000000e+02 7.200000000000000000e+02 -4.672175327530000283e-03
7.200000000000000000e+02 8.000000000000000000e+02 -3.957070871290000250e-03
8.000000000000000000e+02 9.000000000000000000e+02 -4.571098206600000130e-03
9.000000000000000000e+02 1.000000000000000000e+03 -5.396974582999999534e-03
1.000000000000000000e+03 1.150000000000000000e+03 -1.068449000000000178e-03
1.150000000000000000e+03 1.300000000000000000e+03 2.480099433999999933e-03
1.300000000000000000e+03 1.500000000000000000e+03 7.477176401000000874e-04
1.500000000000000000e+03 1.700000000000000000e+03 2.222478314999999996e-04
1.700000000000000000e+03 2.000000000000000000e+03 1.041347245899999964e-04
2.000000000000000000e+03 2.300000000000000000e+03 2.974276950999999895e-05
2.300000000000000000e+03 3.500000000000000000e+03 1.526444695000000188e-05
