2.500000000000000000e+02 4.000000000000000000e+02 5.528799999999999850e-08
4.000000000000000000e+02 4.800000000000000000e+02 1.533599999999999915e-07
4.800000000000000000e+02 5.600000000000000000e+02 2.105499999999999895e-07
5.600000000000000000e+02 6.400000000000000000e+02 2.550399999999999862e-07
6.400000000000000000e+02 7.200000000000000000e+02 2.964800000000000184e-07
7.200000000000000000e+02 8.000000000000000000e+02 3.351199999999999992e-07
8.000000000000000000e+02 9.000000000000000000e+02 4.788499999999999766e-07
9.000000000000000000e+02 1.000000000000000000e+03 5.619699999999999956e-07
1.000000000000000000e+03 1.150000000000000000e+03 1.060200000000000031e-06
1.150000000000000000e+03 1.300000000000000000e+03 1.538199999999999943e-06
1.300000000000000000e+03 1.500000000000000000e+03 4.360300000000000418e-06
1.500000000000000000e+03 1.700000000000000000e+03 6.258599999999999852e+01
1.700000000000000000e+03 2.000000000000000000e+03 1.673500000000000000e+09
2.000000000000000000e+03 2.300000000000000000e+03 1.037199999999999997e-06
2.300000000000000000e+03 3.500000000000000000e+03 3.052799999999999914e-07
