2.500000000000000000e+02 4.000000000000000000e+02 7.240199999999999942e-07
4.000000000000000000e+02 4.800000000000000000e+02 2.235000000000000201e-06
4.800000000000000000e+02 5.600000000000000000e+02 3.639700000000000067e-06
5.600000000000000000e+02 6.400000000000000000e+02 5.621999999999999705e-06
6.400000000000000000e+02 7.200000000000000000e+02 9.176400000000000775e-06
7.200000000000000000e+02 8.000000000000000000e+02 1.769499999999999914e-05
8.000000000000000000e+02 9.000000000000000000e+02 9.157899999999999851e-05
9.000000000000000000e+02 1.000000000000000000e+03 1.515900000000000000e+11
1.000000000000000000e+03 1.150000000000000000e+03 8.014800000000000580e-05
1.150000000000000000e+03 1.300000000000000000e+03 8.979200000000000359e-06
1.300000000000000000e+03 1.500000000000000000e+03 3.330599999999999926e-06
1.500000000000000000e+03 1.700000000000000000e+03 1.115199999999999928e-06
1.700000000000000000e+03 2.000000000000000000e+03 5.910699999999999584e-07
2.000000000000000000e+03 2.300000000000000000e+03 1.983300000000000031e-07
2.300000000000000000e+03 3.500000000000000000e+03 1.250499999999999981e-07
