2.500000000000000000e+02 4.000000000000000000e+02 1.398700000000000051e-06
4.000000000000000000e+02 4.800000000000000000e+02 4.606499999999999857e-06
4.800000000000000000e+02 5.600000000000000000e+02 8.369199999999999423e-06
5.600000000000000000e+02 6.400000000000000000e+02 1.552999999999999869e-05
6.400000000000000000e+02 7.200000000000000000e+02 3.634700000000000284e-05
7.200000000000000000e+02 8.000000000000000000e+02 2.122899999999999885e-04
8.000000000000000000e+02 9.000000000000000000e+02 1.371200000000000000e+11
9.000000000000000000e+02 1.000000000000000000e+03 5.956200000000000334e-05
1.000000000000000000e+03 1.150000000000000000e+03 1.636799999999999982e-05
1.150000000000000000e+03 1.300000000000000000e+03 4.655199999999999916e-06
1.300000000000000000e+03 1.500000000000000000e+03 2.248500000000000156e-06
1.500000000000000000e+03 1.700000000000000000e+03 8.698800000000000046e-07
1.700000000000000000e+03 2.000000000000000000e+03 4.981999999999999480e-07
2.000000000000000000e+03 2.300000000000000000e+03 1.762399999999999952e-07
2.300000000000000000e+03 3.500000000000000000e+03 1.168600000000000022e-07
