2.500000000000000000e+02 4.000000000000000000e+02 -9.469640023300000473e-03
4.000000000000000000e+02 4.800000000000000000e+02 -1.680229012098000130e-02
4.800000000000000000e+02 5.600000000000000000e+02 -1.465677041328000002e-02
5.600000000000000000e+02 6.400000000000000000e+02 -1.279077146790000112e-02
6.400000000000000000e+02 7.200000000000000000e+02 -1.253424688069999966e-02
7.200000000000000000e+02 8.000000000000000000e+02 -1.653590763399999733e-02
8.000000000000000000e+02 9.000000000000000000e+02 -1.691557000000000217e-03
9.000000000000000000e+02 1.000000000000000000e+03 8.418785059999999570e-03
1.000000000000000000e+03 1.150000000000000000e+03 3.133454489000000141e-03
1.150000000000000000e+03 1.300000000000000000e+03 9.840395077999998866e-04
1.300000000000000000e+03 1.500000000000000000e+03 4.682751156999999669e-04
1.500000000000000000e+03 1.700000000000000000e+03 1.679916354099999913e-04
1.700000000000000000e+03 2.000000000000000000e+03 8.604040096000000728e-05
2.000000000000000000e+03 2.300000000000000000e+03 2.629810374000000027e-05
2.300000000000000000e+03 3.500000000000000000e+03 1.409690316000000096e-05
