2.500000000000000000e+02 4.000000000000000000e+02 8.967800000000000773e-06
4.000000000000000000e+02 4.800000000000000000e+02 4.360399999999999790e-05
4.800000000000000000e+02 5.600000000000000000e+02 2.411500000000000069e-04
5.600000000000000000e+02 6.400000000000000000e+02 3.094700000000000000e+11
6.400000000000000000e+02 7.200000000000000000e+02 2.235999999999999869e-04
7.200000000000000000e+02 8.000000000000000000e+02 4.064399999999999914e-05
8.000000000000000000e+02 9.000000000000000000e+02 1.804899999999999948e-05
9.000000000000000000e+02 1.000000000000000000e+03 7.737800000000000691e-06
1.000000000000000000e+03 1.150000000000000000e+03 5.198599999999999660e-06
1.150000000000000000e+03 1.300000000000000000e+03 2.306000000000000029e-06
1.300000000000000000e+03 1.500000000000000000e+03 1.396200000000000075e-06
1.500000000000000000e+03 1.700000000000000000e+03 6.240999999999999835e-07
1.700000000000000000e+03 2.000000000000000000e+03 3.930600000000000005e-07
2.000000000000000000e+03 2.300000000000000000e+03 1.493199999999999898e-07
2.300000000000000000e+03 3.500000000000000000e+03 1.050799999999999986e-07
