2.500000000000000000e+02 4.000000000000000000e+02 3.907170157240000274e-02
4.000000000000000000e+02 4.800000000000000000e+02 4.657040232339999808e-02
4.800000000000000000e+02 5.600000000000000000e+02 2.487476177430000129e-02
5.600000000000000000e+02 6.400000000000000000e+02 1.306363137220000088e-02
6.400000000000000000e+02 7.200000000000000000e+02 7.067981071300000716e-03
7.200000000000000000e+02 8.000000000000000000e+02 3.995259846890000105e-03
8.000000000000000000e+02 9.000000000000000000e+02 2.761552811059999994e-03
9.000000000000000000e+02 1.000000000000000000e+03 1.484508609940000034e-03
1.000000000000000000e+03 1.150000000000000000e+03 1.102175669949999933e-03
1.150000000000000000e+03 1.300000000000000000e+03 4.984476619199999922e-04
1.300000000000000000e+03 1.500000000000000000e+03 2.903792104000000002e-04
1.500000000000000000e+03 1.700000000000000000e+03 1.194087627400000043e-04
1.700000000000000000e+03 2.000000000000000000e+03 6.727833989000000397e-05
2.000000000000000000e+03 2.300000000000000000e+03 2.211044031999999813e-05
2.300000000000000000e+03 3.500000000000000000e+03 1.255612216999999884e-05
