2.500000000000000000e+02 4.000000000000000000e+02 -1.519270009644099924e-02
4.000000000000000000e+02 4.800000000000000000e+02 -2.869950062693000029e-02
4.800000000000000000e+02 5.600000000000000000e+02 -2.844147326670000073e-02
5.600000000000000000e+02 6.400000000000000000e+02 -3.302123066100000337e-02
6.400000000000000000e+02 7.200000000000000000e+02 -4.944479999999999709e-02
7.200000000000000000e+02 8.000000000000000000e+02 4.571489330000000351e-02
8.000000000000000000e+02 9.000000000000000000e+02 9.745496365000000036e-03
9.000000000000000000e+02 1.000000000000000000e+03 3.432897564100000076e-03
1.000000000000000000e+03 1.150000000000000000e+03 2.004859891299999846e-03
1.150000000000000000e+03 1.300000000000000000e+03 7.601025247000000500e-04
1.300000000000000000e+03 1.500000000000000000e+03 3.948746348000000284e-04
1.500000000000000000e+03 1.700000000000000000e+03 1.496731165499999995e-04
1.700000000000000000e+03 2.000000000000000000e+03 7.940613080000000017e-05
2.000000000000000000e+03 2.300000000000000000e+03 2.493072199000000207e-05
2.300000000000000000e+03 3.500000000000000000e+03 1.361919205999999871e-05
