2.500000000000000000e+02 4.000000000000000000e+02 2.941100000000000013e-05
4.000000000000000000e+02 4.800000000000000000e+02 3.822000000000000337e-05
4.800000000000000000e+02 5.600000000000000000e+02 2.370299999999999989e-05
5.600000000000000000e+02 6.400000000000000000e+02 1.450899999999999949e-05
6.400000000000000000e+02 7.200000000000000000e+02 9.087699999999999405e-06
7.200000000000000000e+02 8.000000000000000000e+02 5.870200000000000141e-06
8.000000000000000000e+02 9.000000000000000000e+02 4.643700000000000110e-06
9.000000000000000000e+02 1.000000000000000000e+03 2.884399999999999861e-06
1.000000000000000000e+03 1.150000000000000000e+03 2.507900000000000163e-06
1.150000000000000000e+03 1.300000000000000000e+03 1.354000000000000081e-06
1.300000000000000000e+03 1.500000000000000000e+03 9.412700000000000105e-07
1.500000000000000000e+03 1.700000000000000000e+03 4.657899999999999907e-07
1.700000000000000000e+03 2.000000000000000000e+03 3.157399999999999937e-07
2.000000000000000000e+03 2.300000000000000000e+03 1.278699999999999929e-07
2.300000000000000000e+03 3.500000000000000000e+03 9.448700000000000428e-08
