2.500000000000000000e+02 4.000000000000000000e+02 3.907900158209999530e-02
4.000000000000000000e+02 4.800000000000000000e+02 4.656180231120000262e-02
4.800000000000000000e+02 5.600000000000000000e+02 2.488775179640000113e-02
5.600000000000000000e+02 6.400000000000000000e+02 1.302953136550000050e-02
6.400000000000000000e+02 7.200000000000000000e+02 7.076861056999999601e-03
7.200000000000000000e+02 8.000000000000000000e+02 3.998569831740000219e-03
8.000000000000000000e+02 9.000000000000000000e+02 2.755689798349999792e-03
9.000000000000000000e+02 1.000000000000000000e+03 1.484710607250000047e-03
1.000000000000000000e+03 1.150000000000000000e+03 1.103087661250000059e-03
1.150000000000000000e+03 1.300000000000000000e+03 4.984155576599999830e-04
1.300000000000000000e+03 1.500000000000000000e+03 2.898895041399999714e-04
1.500000000000000000e+03 1.700000000000000000e+03 1.194654614699999985e-04
1.700000000000000000e+03 2.000000000000000000e+03 6.730821180999999986e-05
2.000000000000000000e+03 2.300000000000000000e+03 2.206523696000000203e-05
2.300000000000000000e+03 3.500000000000000000e+03 1.256164020000000113e-05
