2.500000000000000000e+02 4.000000000000000000e+02 1.031600000000000036e-09
4.000000000000000000e+02 4.800000000000000000e+02 2.766199999999999815e-09
4.800000000000000000e+02 5.600000000000000000e+02 3.620299999999999999e-09
5.600000000000000000e+02 6.400000000000000000e+02 4.117300000000000247e-09
6.400000000000000000e+02 7.200000000000000000e+02 4.453200000000000297e-09
7.200000000000000000e+02 8.000000000000000000e+02 4.636000000000000121e-09
8.000000000000000000e+02 9.000000000000000000e+02 5.898200000000000167e-09
9.000000000000000000e+02 1.000000000000000000e+03 5.905100000000000215e-09
1.000000000000000000e+03 1.150000000000000000e+03 8.676799999999999650e-09
1.150000000000000000e+03 1.300000000000000000e+03 8.272500000000000126e-09
1.300000000000000000e+03 1.500000000000000000e+03 1.028900000000000035e-08
1.500000000000000000e+03 1.700000000000000000e+03 9.381699999999999563e-09
1.700000000000000000e+03 2.000000000000000000e+03 1.242399999999999928e-08
2.000000000000000000e+03 2.300000000000000000e+03 1.078500000000000029e-08
2.300000000000000000e+03 3.500000000000000000e+03 3.413100000000000301e-08
