2.500000000000000000e+02 4.000000000000000000e+02 1.119317377429999982e-01
4.000000000000000000e+02 4.800000000000000000e+02 8.978801663000000877e-02
4.800000000000000000e+02 5.600000000000000000e+02 3.775150625500000440e-02
5.600000000000000000e+02 6.400000000000000000e+02 1.750821330609999768e-02
6.400000000000000000e+02 7.200000000000000000e+02 8.835702065599998489e-03
7.200000000000000000e+02 8.000000000000000000e+02 4.752876390900000365e-03
8.000000000000000000e+02 9.000000000000000000e+02 3.160599179400000111e-03
9.000000000000000000e+02 1.000000000000000000e+03 1.647668830659999905e-03
1.000000000000000000e+03 1.150000000000000000e+03 1.198540848600000057e-03
1.150000000000000000e+03 1.300000000000000000e+03 5.325424600799999204e-04
1.300000000000000000e+03 1.500000000000000000e+03 3.052857678500000291e-04
1.500000000000000000e+03 1.700000000000000000e+03 1.236934005200000016e-04
1.700000000000000000e+03 2.000000000000000000e+03 6.901416032000000584e-05
2.000000000000000000e+03 2.300000000000000000e+03 2.250920483000000121e-05
2.300000000000000000e+03 3.500000000000000000e+03 1.272711655999999959e-05
