2.500000000000000000e+02 4.000000000000000000e+02 -1.125235000000396693e-04
4.000000000000000000e+02 4.800000000000000000e+02 -1.824191000001489115e-04
4.800000000000000000e+02 5.600000000000000000e+02 -1.358755000003134060e-04
5.600000000000000000e+02 6.400000000000000000e+02 -9.538390000055439321e-05
6.400000000000000000e+02 7.200000000000000000e+02 -6.688650000093346152e-05
7.200000000000000000e+02 8.000000000000000000e+02 -4.730007000142669751e-05
8.000000000000000000e+02 9.000000000000000000e+02 -4.087091000273379815e-05
9.000000000000000000e+02 1.000000000000000000e+03 -2.758176000403880014e-05
1.000000000000000000e+03 1.150000000000000000e+03 -2.614107000932449859e-05
1.150000000000000000e+03 1.300000000000000000e+03 -1.556065001480099765e-05
1.300000000000000000e+03 1.500000000000000000e+03 -1.184877002965599946e-05
1.500000000000000000e+03 1.700000000000000000e+03 -6.498015044391999460e-06
1.700000000000000000e+03 2.000000000000000000e+03 -4.908976097476999760e-06
2.000000000000000000e+03 2.300000000000000000e+03 -2.244939144970000111e-06
2.300000000000000000e+03 3.500000000000000000e+03 -2.045358074799999849e-06
