2.500000000000000000e+02 4.000000000000000000e+02 -8.233570015262000816e-03
4.000000000000000000e+02 4.800000000000000000e+02 -1.443576007618999936e-02
4.800000000000000000e+02 5.600000000000000000e+02 -1.227515023996000008e-02
5.600000000000000000e+02 6.400000000000000000e+02 -1.026933076260000063e-02
6.400000000000000000e+02 7.200000000000000000e+02 -9.343162793300000685e-03
7.200000000000000000e+02 8.000000000000000000e+02 -9.971645542000001639e-03
8.000000000000000000e+02 9.000000000000000000e+02 -1.550557599999999869e-01
9.000000000000000000e+02 1.000000000000000000e+03 2.916864399999999913e-01
1.000000000000000000e+03 1.150000000000000000e+03 4.074703213000000282e-03
1.150000000000000000e+03 1.300000000000000000e+03 1.119209182700000010e-03
1.300000000000000000e+03 1.500000000000000000e+03 5.060704264000000100e-04
1.500000000000000000e+03 1.700000000000000000e+03 1.766991461600000068e-04
1.700000000000000000e+03 2.000000000000000000e+03 8.914459122000001204e-05
2.000000000000000000e+03 2.300000000000000000e+03 2.690741270999999981e-05
2.300000000000000000e+03 3.500000000000000000e+03 1.433803613000000018e-05
