2.500000000000000000e+02 4.000000000000000000e+02 -1.004946002739600004e-02
4.000000000000000000e+02 4.800000000000000000e+02 -1.795027015206999976e-02
4.800000000000000000e+02 5.600000000000000000e+02 -1.584019052186999912e-02
5.600000000000000000e+02 6.400000000000000000e+02 -1.410515197570000150e-02
6.400000000000000000e+02 7.200000000000000000e+02 -1.443046116100000012e-02
7.200000000000000000e+02 8.000000000000000000e+02 -2.252828899999999995e-02
8.000000000000000000e+02 9.000000000000000000e+02 7.481260999999999467e-03
9.000000000000000000e+02 1.000000000000000000e+03 6.821973091000000343e-03
1.000000000000000000e+03 1.150000000000000000e+03 2.879623786999999883e-03
1.150000000000000000e+03 1.300000000000000000e+03 9.418650641000000023e-04
1.300000000000000000e+03 1.500000000000000000e+03 4.553323739999999933e-04
1.500000000000000000e+03 1.700000000000000000e+03 1.647960891100000175e-04
1.700000000000000000e+03 2.000000000000000000e+03 8.507849373000000027e-05
2.000000000000000000e+03 2.300000000000000000e+03 2.602631102000000160e-05
2.300000000000000000e+03 3.500000000000000000e+03 1.401137288999999908e-05
