2.500000000000000000e+02 4.000000000000000000e+02 2.403199999999999962e-05
4.000000000000000000e+02 4.800000000000000000e+02 3.304399999999999737e-05
4.800000000000000000e+02 5.600000000000000000e+02 2.148600000000000062e-05
5.600000000000000000e+02 6.400000000000000000e+02 1.344800000000000067e-05
6.400000000000000000e+02 7.200000000000000000e+02 8.587999999999999768e-06
7.200000000000000000e+02 8.000000000000000000e+02 5.614299999999999762e-06
8.000000000000000000e+02 9.000000000000000000e+02 4.484799999999999819e-06
9.000000000000000000e+02 1.000000000000000000e+03 2.799399999999999828e-06
1.000000000000000000e+03 1.150000000000000000e+03 2.451900000000000191e-06
1.150000000000000000e+03 1.300000000000000000e+03 1.336300000000000021e-06
1.300000000000000000e+03 1.500000000000000000e+03 9.269699999999999950e-07
1.500000000000000000e+03 1.700000000000000000e+03 4.596799999999999975e-07
1.700000000000000000e+03 2.000000000000000000e+03 3.135899999999999910e-07
2.000000000000000000e+03 2.300000000000000000e+03 1.271899999999999895e-07
2.300000000000000000e+03 3.500000000000000000e+03 9.416699999999999876e-08
