2.500000000000000000e+02 4.000000000000000000e+02 2.076900000000000054e-05
4.000000000000000000e+02 4.800000000000000000e+02 2.968500000000000123e-05
4.800000000000000000e+02 5.600000000000000000e+02 1.989399999999999960e-05
5.600000000000000000e+02 6.400000000000000000e+02 1.270700000000000048e-05
6.400000000000000000e+02 7.200000000000000000e+02 8.253000000000000434e-06
7.200000000000000000e+02 8.000000000000000000e+02 5.419199999999999716e-06
8.000000000000000000e+02 9.000000000000000000e+02 4.369100000000000232e-06
9.000000000000000000e+02 1.000000000000000000e+03 2.736200000000000162e-06
1.000000000000000000e+03 1.150000000000000000e+03 2.413499999999999847e-06
1.150000000000000000e+03 1.300000000000000000e+03 1.315299999999999926e-06
1.300000000000000000e+03 1.500000000000000000e+03 9.153000000000000500e-07
1.500000000000000000e+03 1.700000000000000000e+03 4.566200000000000217e-07
1.700000000000000000e+03 2.000000000000000000e+03 3.111000000000000263e-07
2.000000000000000000e+03 2.300000000000000000e+03 1.268800000000000085e-07
2.300000000000000000e+03 3.500000000000000000e+03 9.394299999999999623e-08
