2.500000000000000000e+02 4.000000000000000000e+02 5.360499999999999753e-06
4.000000000000000000e+02 4.800000000000000000e+02 2.233999999999999956e-05
4.800000000000000000e+02 5.600000000000000000e+02 6.921900000000000253e-05
5.600000000000000000e+02 6.400000000000000000e+02 1.156300000000000079e-03
6.400000000000000000e+02 7.200000000000000000e+02 1.976000000000000000e+11
7.200000000000000000e+02 8.000000000000000000e+02 8.682300000000000542e-05
8.000000000000000000e+02 9.000000000000000000e+02 2.706499999999999921e-05
9.000000000000000000e+02 1.000000000000000000e+03 9.937900000000000176e-06
1.000000000000000000e+03 1.150000000000000000e+03 6.163999999999999768e-06
1.150000000000000000e+03 1.300000000000000000e+03 2.580599999999999907e-06
1.300000000000000000e+03 1.500000000000000000e+03 1.508900000000000071e-06
1.500000000000000000e+03 1.700000000000000000e+03 6.584899999999999626e-07
1.700000000000000000e+03 2.000000000000000000e+03 4.086499999999999965e-07
2.000000000000000000e+03 2.300000000000000000e+03 1.540199999999999988e-07
2.300000000000000000e+03 3.500000000000000000e+03 1.072699999999999937e-07
