2.500000000000000000e+02 4.000000000000000000e+02 -2.216970000002980762e-04
4.000000000000000000e+02 4.800000000000000000e+02 -3.577110000011485269e-04
4.800000000000000000e+02 5.600000000000000000e+02 -2.676081000023767306e-04
5.600000000000000000e+02 6.400000000000000000e+02 -1.883016000043864920e-04
6.400000000000000000e+02 7.200000000000000000e+02 -1.321939000072737988e-04
7.200000000000000000e+02 8.000000000000000000e+02 -9.389270001116000104e-05
8.000000000000000000e+02 9.000000000000000000e+02 -8.116030002140701234e-05
9.000000000000000000e+02 1.000000000000000000e+03 -5.496082003270400180e-05
1.000000000000000000e+03 1.150000000000000000e+03 -5.247847007611799953e-05
1.150000000000000000e+03 1.300000000000000000e+03 -3.141545012260999869e-05
1.300000000000000000e+03 1.500000000000000000e+03 -2.420847025342999961e-05
1.500000000000000000e+03 1.700000000000000000e+03 -1.338074039447999944e-05
1.700000000000000000e+03 2.000000000000000000e+03 -1.032850093440999919e-05
2.000000000000000000e+03 2.300000000000000000e+03 -4.892728503700000231e-06
2.300000000000000000e+03 3.500000000000000000e+03 -4.830805560000000243e-06
