2.500000000000000000e+02 4.000000000000000000e+02 5.483970434740000066e-02
4.000000000000000000e+02 4.800000000000000000e+02 5.905680469010000239e-02
4.800000000000000000e+02 5.600000000000000000e+02 2.926451296619999795e-02
5.600000000000000000e+02 6.400000000000000000e+02 1.474192197580000141e-02
6.400000000000000000e+02 7.200000000000000000e+02 7.774371381399999663e-03
7.200000000000000000e+02 8.000000000000000000e+02 4.314190043199999866e-03
8.000000000000000000e+02 9.000000000000000000e+02 2.926272953259999744e-03
9.000000000000000000e+02 1.000000000000000000e+03 1.553468697960000032e-03
1.000000000000000000e+03 1.150000000000000000e+03 1.143172729159999982e-03
1.150000000000000000e+03 1.300000000000000000e+03 5.138355972899999327e-04
1.300000000000000000e+03 1.500000000000000000e+03 2.961156431700000128e-04
1.500000000000000000e+03 1.700000000000000000e+03 1.214161825299999895e-04
1.700000000000000000e+03 2.000000000000000000e+03 6.816107332999999063e-05
2.000000000000000000e+03 2.300000000000000000e+03 2.228024066000000195e-05
2.300000000000000000e+03 3.500000000000000000e+03 1.264385362999999990e-05
