2.500000000000000000e+02 4.000000000000000000e+02 6.769400000000000426e-10
4.000000000000000000e+02 4.800000000000000000e+02 1.805700000000000082e-09
4.800000000000000000e+02 5.600000000000000000e+02 2.346099999999999994e-09
5.600000000000000000e+02 6.400000000000000000e+02 2.680700000000000059e-09
6.400000000000000000e+02 7.200000000000000000e+02 2.898299999999999804e-09
7.200000000000000000e+02 8.000000000000000000e+02 3.008500000000000106e-09
8.000000000000000000e+02 9.000000000000000000e+02 3.819999999999999630e-09
9.000000000000000000e+02 1.000000000000000000e+03 3.808200000000000146e-09
1.000000000000000000e+03 1.150000000000000000e+03 5.554500000000000206e-09
1.150000000000000000e+03 1.300000000000000000e+03 5.276700000000000193e-09
1.300000000000000000e+03 1.500000000000000000e+03 6.495799999999999840e-09
1.500000000000000000e+03 1.700000000000000000e+03 5.818399999999999677e-09
1.700000000000000000e+03 2.000000000000000000e+03 7.564899999999999798e-09
2.000000000000000000e+03 2.300000000000000000e+03 6.328700000000000283e-09
2.300000000000000000e+03 3.500000000000000000e+03 1.716400000000000070e-08
