2.500000000000000000e+02 4.000000000000000000e+02 -6.270870006768799500e-03
4.000000000000000000e+02 4.800000000000000000e+02 -1.073658003169699997e-02
4.800000000000000000e+02 5.600000000000000000e+02 -8.813630087825999326e-03
5.600000000000000000e+02 6.400000000000000000e+02 -7.018760233149999930e-03
6.400000000000000000e+02 7.200000000000000000e+02 -5.805310638989999959e-03
7.200000000000000000e+02 8.000000000000000000e+02 -5.183136984899999744e-03
8.000000000000000000e+02 9.000000000000000000e+02 -6.713594948999999923e-03
9.000000000000000000e+02 1.000000000000000000e+03 -1.500331469999999917e-02
1.000000000000000000e+03 1.150000000000000000e+03 3.414240000000000677e-03
1.150000000000000000e+03 1.300000000000000000e+03 1.666440202999999991e-03
1.300000000000000000e+03 1.500000000000000000e+03 6.286568826000000360e-04
1.500000000000000000e+03 1.700000000000000000e+03 2.019767803999999989e-04
1.700000000000000000e+03 2.000000000000000000e+03 9.767791660999999858e-05
2.000000000000000000e+03 2.300000000000000000e+03 2.851605762999999774e-05
2.300000000000000000e+03 3.500000000000000000e+03 1.487681038999999853e-05
