2.500000000000000000e+02 4.000000000000000000e+02 6.102300000000000320e-09
4.000000000000000000e+02 4.800000000000000000e+02 1.645599999999999859e-08
4.800000000000000000e+02 5.600000000000000000e+02 2.176600000000000114e-08
5.600000000000000000e+02 6.400000000000000000e+02 2.522199999999999914e-08
6.400000000000000000e+02 7.200000000000000000e+02 2.760200000000000126e-08
7.200000000000000000e+02 8.000000000000000000e+02 2.927799999999999919e-08
8.000000000000000000e+02 9.000000000000000000e+02 3.813200000000000026e-08
9.000000000000000000e+02 1.000000000000000000e+03 3.927899999999999723e-08
1.000000000000000000e+03 1.150000000000000000e+03 6.010799999999999799e-08
1.150000000000000000e+03 1.300000000000000000e+03 6.101899999999999867e-08
1.300000000000000000e+03 1.500000000000000000e+03 8.288999999999999645e-08
1.500000000000000000e+03 1.700000000000000000e+03 8.585100000000000556e-08
1.700000000000000000e+03 2.000000000000000000e+03 1.428000000000000081e-07
2.000000000000000000e+03 2.300000000000000000e+03 1.866600000000000052e-07
2.300000000000000000e+03 3.500000000000000000e+03 1.171300000000000000e+08
