2.500000000000000000e+02 4.000000000000000000e+02 -1.581690010808000160e-02
4.000000000000000000e+02 4.800000000000000000e+02 -3.008250072449999979e-02
4.800000000000000000e+02 5.600000000000000000e+02 -3.023656393489999872e-02
5.600000000000000000e+02 6.400000000000000000e+02 -3.682380472300000179e-02
6.400000000000000000e+02 7.200000000000000000e+02 -2.672979999999999801e-02
7.200000000000000000e+02 8.000000000000000000e+02 3.317509229999999337e-02
8.000000000000000000e+02 9.000000000000000000e+02 9.083978988999999449e-03
9.000000000000000000e+02 1.000000000000000000e+03 3.315397889099999662e-03
1.000000000000000000e+03 1.150000000000000000e+03 1.958095698500000002e-03
1.150000000000000000e+03 1.300000000000000000e+03 7.497961448000000631e-04
1.300000000000000000e+03 1.500000000000000000e+03 3.912783080999999974e-04
1.500000000000000000e+03 1.700000000000000000e+03 1.484946088500000035e-04
1.700000000000000000e+03 2.000000000000000000e+03 7.905718040999999403e-05
2.000000000000000000e+03 2.300000000000000000e+03 2.478220726999999914e-05
2.300000000000000000e+03 3.500000000000000000e+03 1.354314769999999895e-05
