2.500000000000000000e+02 4.000000000000000000e+02 -6.414740007292999910e-03
4.000000000000000000e+02 4.800000000000000000e+02 -1.103499003413200077e-02
4.800000000000000000e+02 5.600000000000000000e+02 -9.064010096972000691e-03
5.600000000000000000e+02 6.400000000000000000e+02 -7.237260256089999601e-03
6.400000000000000000e+02 7.200000000000000000e+02 -6.032640712469999368e-03
7.200000000000000000e+02 8.000000000000000000e+02 -5.426807291099999646e-03
8.000000000000000000e+02 9.000000000000000000e+02 -7.207458793000000655e-03
9.000000000000000000e+02 1.000000000000000000e+03 -4.937779999999999947e-02
1.000000000000000000e+03 1.150000000000000000e+03 1.850904299999999725e-01
1.150000000000000000e+03 1.300000000000000000e+03 1.588771282999999843e-03
1.300000000000000000e+03 1.500000000000000000e+03 6.149278726999999689e-04
1.500000000000000000e+03 1.700000000000000000e+03 1.990336179000000091e-04
1.700000000000000000e+03 2.000000000000000000e+03 9.664422184000000173e-05
2.000000000000000000e+03 2.300000000000000000e+03 2.842764278999999994e-05
2.300000000000000000e+03 3.500000000000000000e+03 1.484133683999999864e-05
