2.500000000000000000e+02 4.000000000000000000e+02 4.001909999999999634e-01
4.000000000000000000e+02 4.800000000000000000e+02 1.375916630229999937e-01
4.800000000000000000e+02 5.600000000000000000e+02 4.657121178100000203e-02
5.600000000000000000e+02 6.400000000000000000e+02 2.001547502410000109e-02
6.400000000000000000e+02 7.200000000000000000e+02 9.705382759499999595e-03
7.200000000000000000e+02 8.000000000000000000e+02 5.095130736599999544e-03
8.000000000000000000e+02 9.000000000000000000e+02 3.334212419300000129e-03
9.000000000000000000e+02 1.000000000000000000e+03 1.718158934059999931e-03
1.000000000000000000e+03 1.150000000000000000e+03 1.237281931849999956e-03
1.150000000000000000e+03 1.300000000000000000e+03 5.429815102999999534e-04
1.300000000000000000e+03 1.500000000000000000e+03 3.112435977200000157e-04
1.500000000000000000e+03 1.700000000000000000e+03 1.251764100100000003e-04
1.700000000000000000e+03 2.000000000000000000e+03 6.970472646999999655e-05
2.000000000000000000e+03 2.300000000000000000e+03 2.270880898000000013e-05
2.300000000000000000e+03 3.500000000000000000e+03 1.277579926999999983e-05
