2.500000000000000000e+02 4.000000000000000000e+02 1.311399999999999892e-03
4.000000000000000000e+02 4.800000000000000000e+02 8.798600000000000000e+11
4.800000000000000000e+02 5.600000000000000000e+02 1.575199999999999962e-04
5.600000000000000000e+02 6.400000000000000000e+02 4.653800000000000064e-05
6.400000000000000000e+02 7.200000000000000000e+02 2.064199999999999989e-05
7.200000000000000000e+02 8.000000000000000000e+02 1.087799999999999987e-05
8.000000000000000000e+02 9.000000000000000000e+02 7.481000000000000033e-06
9.000000000000000000e+02 1.000000000000000000e+03 4.171000000000000384e-06
1.000000000000000000e+03 1.150000000000000000e+03 3.337100000000000203e-06
1.150000000000000000e+03 1.300000000000000000e+03 1.671900000000000035e-06
1.300000000000000000e+03 1.500000000000000000e+03 1.101699999999999972e-06
1.500000000000000000e+03 1.700000000000000000e+03 5.250499999999999535e-07
1.700000000000000000e+03 2.000000000000000000e+03 3.463000000000000238e-07
2.000000000000000000e+03 2.300000000000000000e+03 1.366199999999999885e-07
2.300000000000000000e+03 3.500000000000000000e+03 9.893300000000000319e-08
