2.500000000000000000e+02 4.000000000000000000e+02 3.887900000000000026e-08
4.000000000000000000e+02 4.800000000000000000e+02 1.068399999999999958e-07
4.800000000000000000e+02 5.600000000000000000e+02 1.449299999999999882e-07
5.600000000000000000e+02 6.400000000000000000e+02 1.742700000000000114e-07
6.400000000000000000e+02 7.200000000000000000e+02 1.985299999999999917e-07
7.200000000000000000e+02 8.000000000000000000e+02 2.213399999999999954e-07
8.000000000000000000e+02 9.000000000000000000e+02 3.092899999999999856e-07
9.000000000000000000e+02 1.000000000000000000e+03 3.484000000000000228e-07
1.000000000000000000e+03 1.150000000000000000e+03 6.186499999999999976e-07
1.150000000000000000e+03 1.300000000000000000e+03 7.977900000000000519e-07
1.300000000000000000e+03 1.500000000000000000e+03 1.666600000000000061e-06
1.500000000000000000e+03 1.700000000000000000e+03 4.545600000000000152e-06
1.700000000000000000e+03 2.000000000000000000e+03 2.537400000000000000e+09
2.000000000000000000e+03 2.300000000000000000e+03 2.632800000000000017e-06
2.300000000000000000e+03 3.500000000000000000e+03 4.346200000000000100e-07
