2.500000000000000000e+02 4.000000000000000000e+02 -1.962470020797999967e-02
4.000000000000000000e+02 4.800000000000000000e+02 -3.906000159150000567e-02
4.800000000000000000e+02 5.600000000000000000e+02 -4.421421335899999860e-02
5.600000000000000000e+02 6.400000000000000000e+02 -9.517212910000000248e-02
6.400000000000000000e+02 7.200000000000000000e+02 1.193099999999999994e-01
7.200000000000000000e+02 8.000000000000000000e+02 1.589085599899999965e-02
8.000000000000000000e+02 9.000000000000000000e+02 6.864922325999999429e-03
9.000000000000000000e+02 1.000000000000000000e+03 2.830635249800000312e-03
1.000000000000000000e+03 1.150000000000000000e+03 1.766293693100000079e-03
1.150000000000000000e+03 1.300000000000000000e+03 7.002319653000000331e-04
1.300000000000000000e+03 1.500000000000000000e+03 3.723539706099999970e-04
1.500000000000000000e+03 1.700000000000000000e+03 1.435533679900000028e-04
1.700000000000000000e+03 2.000000000000000000e+03 7.708303569000000770e-05
2.000000000000000000e+03 2.300000000000000000e+03 2.442111304000000056e-05
2.300000000000000000e+03 3.500000000000000000e+03 1.346081084000000114e-05
