2.500000000000000000e+02 4.000000000000000000e+02 4.075099999999999744e-07
4.000000000000000000e+02 4.800000000000000000e+02 1.208099999999999919e-06
4.800000000000000000e+02 5.600000000000000000e+02 1.848699999999999977e-06
5.600000000000000000e+02 6.400000000000000000e+02 2.599000000000000019e-06
6.400000000000000000e+02 7.200000000000000000e+02 3.660800000000000170e-06
7.200000000000000000e+02 8.000000000000000000e+02 5.446999999999999687e-06
8.000000000000000000e+02 9.000000000000000000e+02 1.255499999999999923e-05
9.000000000000000000e+02 1.000000000000000000e+03 4.055099999999999850e-05
1.000000000000000000e+03 1.150000000000000000e+03 3.611400000000000000e+10
1.150000000000000000e+03 1.300000000000000000e+03 3.369999999999999922e-05
1.300000000000000000e+03 1.500000000000000000e+03 6.083699999999999876e-06
1.500000000000000000e+03 1.700000000000000000e+03 1.583199999999999936e-06
1.700000000000000000e+03 2.000000000000000000e+03 7.371900000000000519e-07
2.000000000000000000e+03 2.300000000000000000e+03 2.293899999999999914e-07
2.300000000000000000e+03 3.500000000000000000e+03 1.378099999999999880e-07
