2.500000000000000000e+02 4.000000000000000000e+02 -1.037780003029300027e-02
4.000000000000000000e+02 4.800000000000000000e+02 -1.859554016570999849e-02
4.800000000000000000e+02 5.600000000000000000e+02 -1.648731059702000096e-02
5.600000000000000000e+02 6.400000000000000000e+02 -1.487031235030000093e-02
6.400000000000000000e+02 7.200000000000000000e+02 -1.562024439700000072e-02
7.200000000000000000e+02 8.000000000000000000e+02 -2.784376531000000085e-02
8.000000000000000000e+02 9.000000000000000000e+02 2.176582999999999990e-02
9.000000000000000000e+02 1.000000000000000000e+03 6.265710773000000670e-03
1.000000000000000000e+03 1.150000000000000000e+03 2.763151424000000189e-03
1.150000000000000000e+03 1.300000000000000000e+03 9.210302440999999611e-04
1.300000000000000000e+03 1.500000000000000000e+03 4.489468938000000303e-04
1.500000000000000000e+03 1.700000000000000000e+03 1.636484686500000083e-04
1.700000000000000000e+03 2.000000000000000000e+03 8.453514415999999394e-05
2.000000000000000000e+03 2.300000000000000000e+03 2.593421853999999972e-05
2.300000000000000000e+03 3.500000000000000000e+03 1.398854364999999972e-05
