2.500000000000000000e+02 4.000000000000000000e+02 -1.678700000129039992e-03
4.000000000000000000e+02 4.800000000000000000e+02 -2.749800000516030088e-03
4.800000000000000000e+02 5.600000000000000000e+02 -2.098358001147899738e-03
5.600000000000000000e+02 6.400000000000000000e+02 -1.514015002290900174e-03
6.400000000000000000e+02 7.200000000000000000e+02 -1.094929004121600108e-03
7.200000000000000000e+02 8.000000000000000000e+02 -8.041410069987999475e-04
8.000000000000000000e+02 9.000000000000000000e+02 -7.290260156329999089e-04
9.000000000000000000e+02 1.000000000000000000e+03 -5.252296285939999807e-04
1.000000000000000000e+03 1.150000000000000000e+03 -5.507559920570000199e-04
1.150000000000000000e+03 1.300000000000000000e+03 -3.828956333700000146e-04
1.300000000000000000e+03 1.500000000000000000e+03 -3.798036289999999894e-04
1.500000000000000000e+03 1.700000000000000000e+03 -3.552029000000000276e-04
1.700000000000000000e+03 2.000000000000000000e+03 -1.845852000000000094e-04
2.000000000000000000e+03 2.300000000000000000e+03 9.883402100000000692e-05
2.300000000000000000e+03 3.500000000000000000e+03 2.719303320000000221e-05
