2.500000000000000000e+02 4.000000000000000000e+02 1.024600000000000008e-10
4.000000000000000000e+02 4.800000000000000000e+02 2.730800000000000020e-10
4.800000000000000000e+02 5.600000000000000000e+02 3.547499999999999899e-10
5.600000000000000000e+02 6.400000000000000000e+02 4.037699999999999922e-10
6.400000000000000000e+02 7.200000000000000000e+02 4.310499999999999746e-10
7.200000000000000000e+02 8.000000000000000000e+02 4.454799999999999961e-10
8.000000000000000000e+02 9.000000000000000000e+02 5.615599999999999716e-10
9.000000000000000000e+02 1.000000000000000000e+03 5.542600000000000071e-10
1.000000000000000000e+03 1.150000000000000000e+03 8.004100000000000308e-10
1.150000000000000000e+03 1.300000000000000000e+03 7.446599999999999907e-10
1.300000000000000000e+03 1.500000000000000000e+03 8.952699999999999493e-10
1.500000000000000000e+03 1.700000000000000000e+03 7.796200000000000437e-10
1.700000000000000000e+03 2.000000000000000000e+03 9.645100000000000122e-10
2.000000000000000000e+03 2.300000000000000000e+03 7.452599999999999680e-10
2.300000000000000000e+03 3.500000000000000000e+03 1.544399999999999961e-09
