2.500000000000000000e+02 4.000000000000000000e+02 2.075599999999999914e-05
4.000000000000000000e+02 4.800000000000000000e+02 2.966600000000000023e-05
4.800000000000000000e+02 5.600000000000000000e+02 1.990899999999999861e-05
5.600000000000000000e+02 6.400000000000000000e+02 1.269400000000000077e-05
6.400000000000000000e+02 7.200000000000000000e+02 8.197099999999999835e-06
7.200000000000000000e+02 8.000000000000000000e+02 5.415500000000000073e-06
8.000000000000000000e+02 9.000000000000000000e+02 4.352999999999999658e-06
9.000000000000000000e+02 1.000000000000000000e+03 2.745899999999999832e-06
1.000000000000000000e+03 1.150000000000000000e+03 2.408000000000000069e-06
1.150000000000000000e+03 1.300000000000000000e+03 1.313800000000000025e-06
1.300000000000000000e+03 1.500000000000000000e+03 9.177899999999999617e-07
1.500000000000000000e+03 1.700000000000000000e+03 4.563599999999999916e-07
1.700000000000000000e+03 2.000000000000000000e+03 3.121499999999999993e-07
2.000000000000000000e+03 2.300000000000000000e+03 1.268800000000000085e-07
2.300000000000000000e+03 3.500000000000000000e+03 9.420700000000000442e-08
