2.500000000000000000e+02 4.000000000000000000e+02 2.270000000000000077e-07
4.000000000000000000e+02 4.800000000000000000e+02 6.544000000000000365e-07
4.800000000000000000e+02 5.600000000000000000e+02 9.576500000000000553e-07
5.600000000000000000e+02 6.400000000000000000e+02 1.263200000000000035e-06
6.400000000000000000e+02 7.200000000000000000e+02 1.623800000000000022e-06
7.200000000000000000e+02 8.000000000000000000e+02 2.123500000000000082e-06
8.000000000000000000e+02 9.000000000000000000e+02 3.763799999999999861e-06
9.000000000000000000e+02 1.000000000000000000e+03 6.359899999999999874e-06
1.000000000000000000e+03 1.150000000000000000e+03 3.438199999999999709e-05
1.150000000000000000e+03 1.300000000000000000e+03 1.058700000000000000e+10
1.300000000000000000e+03 1.500000000000000000e+03 2.564400000000000045e-05
1.500000000000000000e+03 1.700000000000000000e+03 2.897399999999999991e-06
1.700000000000000000e+03 2.000000000000000000e+03 1.057700000000000055e-06
2.000000000000000000e+03 2.300000000000000000e+03 2.854200000000000240e-07
2.300000000000000000e+03 3.500000000000000000e+03 1.571899999999999934e-07
