2.500000000000000000e+02 4.000000000000000000e+02 -9.752600025356999644e-03
4.000000000000000000e+02 4.800000000000000000e+02 -1.735747013676000247e-02
4.800000000000000000e+02 5.600000000000000000e+02 -1.518402045974999968e-02
5.600000000000000000e+02 6.400000000000000000e+02 -1.343726171270000040e-02
6.400000000000000000e+02 7.200000000000000000e+02 -1.343222883869999926e-02
7.200000000000000000e+02 8.000000000000000000e+02 -1.902301606999999908e-02
8.000000000000000000e+02 9.000000000000000000e+02 -1.121440400000000073e-02
9.000000000000000000e+02 1.000000000000000000e+03 7.527418462000000018e-03
1.000000000000000000e+03 1.150000000000000000e+03 2.995099536999999788e-03
1.150000000000000000e+03 1.300000000000000000e+03 9.635372498000000082e-04
1.300000000000000000e+03 1.500000000000000000e+03 4.608375290000000200e-04
1.500000000000000000e+03 1.700000000000000000e+03 1.665190049600000037e-04
1.700000000000000000e+03 2.000000000000000000e+03 8.560954478000000110e-05
2.000000000000000000e+03 2.300000000000000000e+03 2.618190386000000087e-05
2.300000000000000000e+03 3.500000000000000000e+03 1.409487934999999935e-05
