2.500000000000000000e+02 4.000000000000000000e+02 -9.353502711699999972e-02
4.000000000000000000e+02 4.800000000000000000e+02 -8.432019999999999793e-02
4.800000000000000000e+02 5.600000000000000000e+02 1.159301210299999996e-01
5.600000000000000000e+02 6.400000000000000000e+02 3.086359833900000071e-02
6.400000000000000000e+02 7.200000000000000000e+02 1.281136632919999997e-02
7.200000000000000000e+02 8.000000000000000000e+02 6.211943101399999660e-03
8.000000000000000000e+02 9.000000000000000000e+02 3.862202208299999988e-03
9.000000000000000000e+02 1.000000000000000000e+03 1.919391315499999933e-03
1.000000000000000000e+03 1.150000000000000000e+03 1.344134194100000046e-03
1.150000000000000000e+03 1.300000000000000000e+03 5.791265303400000087e-04
1.300000000000000000e+03 1.500000000000000000e+03 3.252133805399999881e-04
1.500000000000000000e+03 1.700000000000000000e+03 1.301527358000000001e-04
1.700000000000000000e+03 2.000000000000000000e+03 7.176779853999999941e-05
2.000000000000000000e+03 2.300000000000000000e+03 2.313577943999999790e-05
2.300000000000000000e+03 3.500000000000000000e+03 1.293993722000000032e-05
