2.500000000000000000e+02 4.000000000000000000e+02 3.064300000000000000e+11
4.000000000000000000e+02 4.800000000000000000e+02 2.618100000000000158e-04
4.800000000000000000e+02 5.600000000000000000e+02 6.942699999999999783e-05
5.600000000000000000e+02 6.400000000000000000e+02 2.971900000000000125e-05
6.400000000000000000e+02 7.200000000000000000e+02 1.540000000000000163e-05
7.200000000000000000e+02 8.000000000000000000e+02 8.785200000000000184e-06
8.000000000000000000e+02 9.000000000000000000e+02 6.360000000000000093e-06
9.000000000000000000e+02 1.000000000000000000e+03 3.672700000000000005e-06
1.000000000000000000e+03 1.150000000000000000e+03 3.027299999999999798e-06
1.150000000000000000e+03 1.300000000000000000e+03 1.561600000000000007e-06
1.300000000000000000e+03 1.500000000000000000e+03 1.043000000000000009e-06
1.500000000000000000e+03 1.700000000000000000e+03 5.038499999999999490e-07
1.700000000000000000e+03 2.000000000000000000e+03 3.364599999999999834e-07
2.000000000000000000e+03 2.300000000000000000e+03 1.341499999999999936e-07
2.300000000000000000e+03 3.500000000000000000e+03 9.760400000000000499e-08
