2.500000000000000000e+02 4.000000000000000000e+02 5.280999999999999887e-04
4.000000000000000000e+02 4.800000000000000000e+02 7.465700000000000000e+11
4.800000000000000000e+02 5.600000000000000000e+02 1.927400000000000012e-04
5.600000000000000000e+02 6.400000000000000000e+02 5.107299999999999704e-05
6.400000000000000000e+02 7.200000000000000000e+02 2.194500000000000080e-05
7.200000000000000000e+02 8.000000000000000000e+02 1.132400000000000034e-05
8.000000000000000000e+02 9.000000000000000000e+02 7.720600000000000246e-06
9.000000000000000000e+02 1.000000000000000000e+03 4.250100000000000186e-06
1.000000000000000000e+03 1.150000000000000000e+03 3.380100000000000045e-06
1.150000000000000000e+03 1.300000000000000000e+03 1.691200000000000003e-06
1.300000000000000000e+03 1.500000000000000000e+03 1.114100000000000057e-06
1.500000000000000000e+03 1.700000000000000000e+03 5.289199999999999478e-07
1.700000000000000000e+03 2.000000000000000000e+03 3.486399999999999773e-07
2.000000000000000000e+03 2.300000000000000000e+03 1.370499999999999997e-07
2.300000000000000000e+03 3.500000000000000000e+03 9.961399999999999453e-08
