2.500000000000000000e+02 4.000000000000000000e+02 -2.592611793999999859e-01
4.000000000000000000e+02 4.800000000000000000e+02 -4.530469999999999775e-01
4.800000000000000000e+02 5.600000000000000000e+02 6.973524071199999064e-02
5.600000000000000000e+02 6.400000000000000000e+02 2.498477954870000073e-02
6.400000000000000000e+02 7.200000000000000000e+02 1.125812424770000070e-02
7.200000000000000000e+02 8.000000000000000000e+02 5.669942364400000490e-03
8.000000000000000000e+02 9.000000000000000000e+02 3.613467796100000139e-03
9.000000000000000000e+02 1.000000000000000000e+03 1.827579137300000111e-03
1.000000000000000000e+03 1.150000000000000000e+03 1.296022070999999906e-03
1.150000000000000000e+03 1.300000000000000000e+03 5.629550723800000713e-04
1.300000000000000000e+03 1.500000000000000000e+03 3.182120394300000181e-04
1.500000000000000000e+03 1.700000000000000000e+03 1.282705200300000088e-04
1.700000000000000000e+03 2.000000000000000000e+03 7.088658425000000864e-05
2.000000000000000000e+03 2.300000000000000000e+03 2.290940545000000049e-05
2.300000000000000000e+03 3.500000000000000000e+03 1.290014328999999965e-05
