2.500000000000000000e+02 4.000000000000000000e+02 2.376100000000000002e-06
4.000000000000000000e+02 4.800000000000000000e+02 8.350799999999999735e-06
4.800000000000000000e+02 5.600000000000000000e+02 1.744499999999999984e-05
5.600000000000000000e+02 6.400000000000000000e+02 4.285200000000000239e-05
6.400000000000000000e+02 7.200000000000000000e+02 2.562199999999999829e-04
7.200000000000000000e+02 8.000000000000000000e+02 6.140100000000000000e+11
8.000000000000000000e+02 9.000000000000000000e+02 1.195800000000000037e-04
9.000000000000000000e+02 1.000000000000000000e+03 2.065699999999999890e-05
1.000000000000000000e+03 1.150000000000000000e+03 9.661600000000000805e-06
1.150000000000000000e+03 1.300000000000000000e+03 3.432799999999999981e-06
1.300000000000000000e+03 1.500000000000000000e+03 1.840800000000000019e-06
1.500000000000000000e+03 1.700000000000000000e+03 7.616699999999999640e-07
1.700000000000000000e+03 2.000000000000000000e+03 4.535899999999999741e-07
2.000000000000000000e+03 2.300000000000000000e+03 1.653599999999999931e-07
2.300000000000000000e+03 3.500000000000000000e+03 1.122899999999999950e-07
