2.500000000000000000e+02 4.000000000000000000e+02 9.378500000000000500e-07
4.000000000000000000e+02 4.800000000000000000e+02 2.962399999999999792e-06
4.800000000000000000e+02 5.600000000000000000e+02 5.011399999999999995e-06
5.600000000000000000e+02 6.400000000000000000e+02 8.228599999999999448e-06
6.400000000000000000e+02 7.200000000000000000e+02 1.492600000000000075e-05
7.200000000000000000e+02 8.000000000000000000e+02 3.591000000000000008e-05
8.000000000000000000e+02 9.000000000000000000e+02 7.866900000000000000e+10
9.000000000000000000e+02 1.000000000000000000e+03 4.724900000000000000e+10
1.000000000000000000e+03 1.150000000000000000e+03 3.342699999999999692e-05
1.150000000000000000e+03 1.300000000000000000e+03 6.576700000000000068e-06
1.300000000000000000e+03 1.500000000000000000e+03 2.783700000000000131e-06
1.500000000000000000e+03 1.700000000000000000e+03 9.972899999999998994e-07
1.700000000000000000e+03 2.000000000000000000e+03 5.465900000000000260e-07
2.000000000000000000e+03 2.300000000000000000e+03 1.886099999999999929e-07
2.300000000000000000e+03 3.500000000000000000e+03 1.218999999999999997e-07
