2.500000000000000000e+02 4.000000000000000000e+02 3.772800000000000199e-05
4.000000000000000000e+02 4.800000000000000000e+02 6.624800000000000133e-04
4.800000000000000000e+02 5.600000000000000000e+02 5.748800000000000000e+11
5.600000000000000000e+02 6.400000000000000000e+02 1.615400000000000017e-04
6.400000000000000000e+02 7.200000000000000000e+02 4.090100000000000024e-05
7.200000000000000000e+02 8.000000000000000000e+02 1.720399999999999995e-05
8.000000000000000000e+02 9.000000000000000000e+02 1.037799999999999957e-05
9.000000000000000000e+02 1.000000000000000000e+03 5.291100000000000044e-06
1.000000000000000000e+03 1.150000000000000000e+03 3.972300000000000067e-06
1.150000000000000000e+03 1.300000000000000000e+03 1.900100000000000027e-06
1.300000000000000000e+03 1.500000000000000000e+03 1.216399999999999907e-06
1.500000000000000000e+03 1.700000000000000000e+03 5.613899999999999732e-07
1.700000000000000000e+03 2.000000000000000000e+03 3.641099999999999960e-07
2.000000000000000000e+03 2.300000000000000000e+03 1.417500000000000087e-07
2.300000000000000000e+03 3.500000000000000000e+03 1.013299999999999948e-07
