2.500000000000000000e+02 4.000000000000000000e+02 1.750399999999999973e-10
4.000000000000000000e+02 4.800000000000000000e+02 4.662299999999999503e-10
4.800000000000000000e+02 5.600000000000000000e+02 6.066700000000000360e-10
5.600000000000000000e+02 6.400000000000000000e+02 6.896400000000000091e-10
6.400000000000000000e+02 7.200000000000000000e+02 7.396099999999999926e-10
7.200000000000000000e+02 8.000000000000000000e+02 7.648599999999999830e-10
8.000000000000000000e+02 9.000000000000000000e+02 9.665699999999998996e-10
9.000000000000000000e+02 1.000000000000000000e+03 9.568300000000000966e-10
1.000000000000000000e+03 1.150000000000000000e+03 1.381299999999999976e-09
1.150000000000000000e+03 1.300000000000000000e+03 1.287499999999999948e-09
1.300000000000000000e+03 1.500000000000000000e+03 1.555299999999999996e-09
1.500000000000000000e+03 1.700000000000000000e+03 1.365799999999999978e-09
1.700000000000000000e+03 2.000000000000000000e+03 1.697600000000000011e-09
2.000000000000000000e+03 2.300000000000000000e+03 1.331100000000000087e-09
2.300000000000000000e+03 3.500000000000000000e+03 2.885800000000000106e-09
