2.500000000000000000e+02 4.000000000000000000e+02 -5.138650402500000158e-02
4.000000000000000000e+02 4.800000000000000000e+02 -1.832823771800000112e-01
4.800000000000000000e+02 5.600000000000000000e+02 7.216870000000000229e-02
5.600000000000000000e+02 6.400000000000000000e+02 4.611556413500000201e-02
6.400000000000000000e+02 7.200000000000000000e+02 1.586318187299999918e-02
7.200000000000000000e+02 8.000000000000000000e+02 7.127564717300000074e-03
8.000000000000000000e+02 9.000000000000000000e+02 4.268149023700000023e-03
9.000000000000000000e+02 1.000000000000000000e+03 2.059582636699999920e-03
1.000000000000000000e+03 1.150000000000000000e+03 1.419185395400000176e-03
1.150000000000000000e+03 1.300000000000000000e+03 6.019858957699999276e-04
1.300000000000000000e+03 1.500000000000000000e+03 3.341711229299999700e-04
1.500000000000000000e+03 1.700000000000000000e+03 1.324188580799999905e-04
1.700000000000000000e+03 2.000000000000000000e+03 7.271930914999999885e-05
2.000000000000000000e+03 2.300000000000000000e+03 2.340140960000000020e-05
2.300000000000000000e+03 3.500000000000000000e+03 1.306604932000000011e-05
