2.500000000000000000e+02 4.000000000000000000e+02 1.493299999999999958e-06
4.000000000000000000e+02 4.800000000000000000e+02 4.942599999999999908e-06
4.800000000000000000e+02 5.600000000000000000e+02 9.124500000000000476e-06
5.600000000000000000e+02 6.400000000000000000e+02 1.729700000000000058e-05
6.400000000000000000e+02 7.200000000000000000e+02 4.271099999999999815e-05
7.200000000000000000e+02 8.000000000000000000e+02 3.534400000000000042e-04
8.000000000000000000e+02 9.000000000000000000e+02 2.503400000000000000e+11
9.000000000000000000e+02 1.000000000000000000e+03 4.997699999999999940e-05
1.000000000000000000e+03 1.150000000000000000e+03 1.513000000000000083e-05
1.150000000000000000e+03 1.300000000000000000e+03 4.466400000000000131e-06
1.300000000000000000e+03 1.500000000000000000e+03 2.184000000000000181e-06
1.500000000000000000e+03 1.700000000000000000e+03 8.508999999999999762e-07
1.700000000000000000e+03 2.000000000000000000e+03 4.914400000000000119e-07
2.000000000000000000e+03 2.300000000000000000e+03 1.749499999999999883e-07
2.300000000000000000e+03 3.500000000000000000e+03 1.162699999999999949e-07
