2.500000000000000000e+02 4.000000000000000000e+02 -1.109536474910000070e-01
4.000000000000000000e+02 4.800000000000000000e+02 4.591599999999997767e-03
4.800000000000000000e+02 5.600000000000000000e+02 9.845942298000000259e-02
5.600000000000000000e+02 6.400000000000000000e+02 2.907220495799999957e-02
6.400000000000000000e+02 7.200000000000000000e+02 1.231608561919999949e-02
7.200000000000000000e+02 8.000000000000000000e+02 6.049742923099999531e-03
8.000000000000000000e+02 9.000000000000000000e+02 3.794255069499999789e-03
9.000000000000000000e+02 1.000000000000000000e+03 1.897332286600000081e-03
1.000000000000000000e+03 1.150000000000000000e+03 1.331787173599999902e-03
1.150000000000000000e+03 1.300000000000000000e+03 5.749700042599999649e-04
1.300000000000000000e+03 1.500000000000000000e+03 3.235475639199999814e-04
1.500000000000000000e+03 1.700000000000000000e+03 1.294559333000000001e-04
1.700000000000000000e+03 2.000000000000000000e+03 7.145108843000000755e-05
2.000000000000000000e+03 2.300000000000000000e+03 2.308214711000000047e-05
2.300000000000000000e+03 3.500000000000000000e+03 1.296243578000000038e-05
