2.500000000000000000e+02 4.000000000000000000e+02 -2.003150000216740237e-03
4.000000000000000000e+02 4.800000000000000000e+02 -3.297340000901959663e-03
4.800000000000000000e+02 5.600000000000000000e+02 -2.523680001995599800e-03
5.600000000000000000e+02 6.400000000000000000e+02 -1.832948004030800042e-03
6.400000000000000000e+02 7.200000000000000000e+02 -1.334489007394099990e-03
7.200000000000000000e+02 8.000000000000000000e+02 -9.882940130810000633e-04
8.000000000000000000e+02 9.000000000000000000e+02 -9.088330303669999886e-04
9.000000000000000000e+02 1.000000000000000000e+03 -6.641959574729999934e-04
1.000000000000000000e+03 1.150000000000000000e+03 -7.201617043300000088e-04
1.150000000000000000e+03 1.300000000000000000e+03 -5.298078225200000043e-04
1.300000000000000000e+03 1.500000000000000000e+03 -6.027435847999999688e-04
1.500000000000000000e+03 1.700000000000000000e+03 -5.082043999999999971e-03
1.700000000000000000e+03 2.000000000000000000e+03 9.060695000000000554e-03
2.000000000000000000e+03 2.300000000000000000e+03 6.312361199999999258e-05
2.300000000000000000e+03 3.500000000000000000e+03 2.293534626999999825e-05
