2.500000000000000000e+02 4.000000000000000000e+02 3.215600000000000180e-06
4.000000000000000000e+02 4.800000000000000000e+02 1.195600000000000039e-05
4.800000000000000000e+02 5.600000000000000000e+02 2.765799999999999845e-05
5.600000000000000000e+02 6.400000000000000000e+02 9.047000000000000625e-05
6.400000000000000000e+02 7.200000000000000000e+02 2.256200000000000000e+11
7.200000000000000000e+02 8.000000000000000000e+02 9.412300000000000397e-04
8.000000000000000000e+02 9.000000000000000000e+02 5.480999999999999870e-05
9.000000000000000000e+02 1.000000000000000000e+03 1.469100000000000046e-05
1.000000000000000000e+03 1.150000000000000000e+03 7.901899999999999679e-06
1.150000000000000000e+03 1.300000000000000000e+03 3.040800000000000177e-06
1.300000000000000000e+03 1.500000000000000000e+03 1.689000000000000050e-06
1.500000000000000000e+03 1.700000000000000000e+03 7.137699999999999652e-07
1.700000000000000000e+03 2.000000000000000000e+03 4.342000000000000102e-07
2.000000000000000000e+03 2.300000000000000000e+03 1.606199999999999917e-07
2.300000000000000000e+03 3.500000000000000000e+03 1.101299999999999942e-07
