2.500000000000000000e+02 4.000000000000000000e+02 -6.800230000000857648e-05
4.000000000000000000e+02 4.800000000000000000e+02 -1.099709000000327033e-04
4.800000000000000000e+02 5.600000000000000000e+02 -8.199760000006756859e-05
5.600000000000000000e+02 6.400000000000000000e+02 -5.757130000012178523e-05
6.400000000000000000e+02 7.200000000000000000e+02 -4.035252000020281868e-05
7.200000000000000000e+02 8.000000000000000000e+02 -2.854343000031035006e-05
8.000000000000000000e+02 9.000000000000000000e+02 -2.462804000060015818e-05
9.000000000000000000e+02 1.000000000000000000e+03 -1.653400000086994138e-05
1.000000000000000000e+03 1.150000000000000000e+03 -1.567540000203179729e-05
1.150000000000000000e+03 1.300000000000000000e+03 -9.297050003045999293e-06
1.300000000000000000e+03 1.500000000000000000e+03 -7.058576006307999871e-06
1.500000000000000000e+03 1.700000000000000000e+03 -3.838013009073200168e-06
1.700000000000000000e+03 2.000000000000000000e+03 -2.890428019982000013e-06
2.000000000000000000e+03 2.300000000000000000e+03 -1.303567027982999980e-06
2.300000000000000000e+03 3.500000000000000000e+03 -1.157041687229999960e-06
