2.500000000000000000e+02 4.000000000000000000e+02 -4.049060001779200210e-03
4.000000000000000000e+02 4.800000000000000000e+02 -6.793350007865899855e-03
4.800000000000000000e+02 5.600000000000000000e+02 -5.377120019492000018e-03
5.600000000000000000e+02 6.400000000000000000e+02 -4.060640045238999955e-03
6.400000000000000000e+02 7.200000000000000000e+02 -3.122178096084999958e-03
7.200000000000000000e+02 8.000000000000000000e+02 -2.481793213769999899e-03
8.000000000000000000e+02 9.000000000000000000e+02 -2.527170678259999838e-03
9.000000000000000000e+02 1.000000000000000000e+03 -2.220775311500000192e-03
1.000000000000000000e+03 1.150000000000000000e+03 -3.789551722000000095e-03
1.150000000000000000e+03 1.300000000000000000e+03 -9.368800000000000695e-04
1.300000000000000000e+03 1.500000000000000000e+03 1.487665483000000016e-03
1.500000000000000000e+03 1.700000000000000000e+03 3.018872187999999601e-04
1.700000000000000000e+03 2.000000000000000000e+03 1.241857543000000018e-04
2.000000000000000000e+03 2.300000000000000000e+03 3.310497125000000205e-05
2.300000000000000000e+03 3.500000000000000000e+03 1.634091558999999885e-05
