2.500000000000000000e+02 4.000000000000000000e+02 -1.071077003314900057e-02
4.000000000000000000e+02 4.800000000000000000e+02 -1.919498018634999831e-02
4.800000000000000000e+02 5.600000000000000000e+02 -1.719205066890000175e-02
5.600000000000000000e+02 6.400000000000000000e+02 -1.570759276480000050e-02
6.400000000000000000e+02 7.200000000000000000e+02 -1.698516892499999861e-02
7.200000000000000000e+02 8.000000000000000000e+02 -3.748036990000000457e-02
8.000000000000000000e+02 9.000000000000000000e+02 8.000479999999997316e-03
9.000000000000000000e+02 1.000000000000000000e+03 5.795577338000000057e-03
1.000000000000000000e+03 1.150000000000000000e+03 2.660459444500000176e-03
1.150000000000000000e+03 1.300000000000000000e+03 9.035889871000000280e-04
1.300000000000000000e+03 1.500000000000000000e+03 4.434686514999999752e-04
1.500000000000000000e+03 1.700000000000000000e+03 1.619815559299999849e-04
1.700000000000000000e+03 2.000000000000000000e+03 8.401067211999999984e-05
2.000000000000000000e+03 2.300000000000000000e+03 2.588111394000000128e-05
2.300000000000000000e+03 3.500000000000000000e+03 1.394752074000000014e-05
