2.500000000000000000e+02 4.000000000000000000e+02 2.084300000000000009e-08
4.000000000000000000e+02 4.800000000000000000e+02 5.674199999999999948e-08
4.800000000000000000e+02 5.600000000000000000e+02 7.593000000000000560e-08
5.600000000000000000e+02 6.400000000000000000e+02 8.997699999999999896e-08
6.400000000000000000e+02 7.200000000000000000e+02 1.008199999999999988e-07
7.200000000000000000e+02 8.000000000000000000e+02 1.100599999999999942e-07
8.000000000000000000e+02 9.000000000000000000e+02 1.480700000000000017e-07
9.000000000000000000e+02 1.000000000000000000e+03 1.601999999999999919e-07
1.000000000000000000e+03 1.150000000000000000e+03 2.637000000000000121e-07
1.150000000000000000e+03 1.300000000000000000e+03 2.995399999999999942e-07
1.300000000000000000e+03 1.500000000000000000e+03 4.912300000000000385e-07
1.500000000000000000e+03 1.700000000000000000e+03 7.066099999999999991e-07
1.700000000000000000e+03 2.000000000000000000e+03 3.054399999999999928e-06
2.000000000000000000e+03 2.300000000000000000e+03 9.388500000000000000e+09
2.300000000000000000e+03 3.500000000000000000e+03 1.637900000000000022e-06
