2.500000000000000000e+02 4.000000000000000000e+02 -2.730950000005643273e-04
4.000000000000000000e+02 4.800000000000000000e+02 -4.431750000021413786e-04
4.800000000000000000e+02 5.600000000000000000e+02 -3.314770000045306076e-04
5.600000000000000000e+02 6.400000000000000000e+02 -2.329245000083102223e-04
6.400000000000000000e+02 7.200000000000000000e+02 -1.642500000136240112e-04
7.200000000000000000e+02 8.000000000000000000e+02 -1.165389000211189944e-04
8.000000000000000000e+02 9.000000000000000000e+02 -1.009232000406740034e-04
9.000000000000000000e+02 1.000000000000000000e+03 -6.838550006184999116e-05
1.000000000000000000e+03 1.150000000000000000e+03 -6.563084015034999945e-05
1.150000000000000000e+03 1.300000000000000000e+03 -3.938200024108000011e-05
1.300000000000000000e+03 1.500000000000000000e+03 -3.044682050605999966e-05
1.500000000000000000e+03 1.700000000000000000e+03 -1.699641080099000091e-05
1.700000000000000000e+03 2.000000000000000000e+03 -1.326338198390000078e-05
2.000000000000000000e+03 2.300000000000000000e+03 -6.372783313899999744e-06
2.300000000000000000e+03 3.500000000000000000e+03 -6.619813119999999865e-06
