2.500000000000000000e+02 4.000000000000000000e+02 7.094060951630000444e-02
4.000000000000000000e+02 4.800000000000000000e+02 6.969850767230000022e-02
4.800000000000000000e+02 5.600000000000000000e+02 3.261910406580000032e-02
5.600000000000000000e+02 6.400000000000000000e+02 1.585312247300000102e-02
6.400000000000000000e+02 7.200000000000000000e+02 8.219631661999999769e-03
7.200000000000000000e+02 8.000000000000000000e+02 4.493022188700000231e-03
8.000000000000000000e+02 9.000000000000000000e+02 3.023814059200000039e-03
9.000000000000000000e+02 1.000000000000000000e+03 1.597470769900000013e-03
1.000000000000000000e+03 1.150000000000000000e+03 1.168247797100000016e-03
1.150000000000000000e+03 1.300000000000000000e+03 5.213832203300000591e-04
1.300000000000000000e+03 1.500000000000000000e+03 3.002790513399999895e-04
1.500000000000000000e+03 1.700000000000000000e+03 1.227576842899999931e-04
1.700000000000000000e+03 2.000000000000000000e+03 6.852487888999999959e-05
2.000000000000000000e+03 2.300000000000000000e+03 2.232771307000000073e-05
2.300000000000000000e+03 3.500000000000000000e+03 1.266882878000000121e-05
