2.500000000000000000e+02 4.000000000000000000e+02 -3.029090000761160140e-03
4.000000000000000000e+02 4.800000000000000000e+02 -5.027900003187099967e-03
4.800000000000000000e+02 5.600000000000000000e+02 -3.922280007615499588e-03
5.600000000000000000e+02 6.400000000000000000e+02 -2.897661016096000127e-03
6.400000000000000000e+02 7.200000000000000000e+02 -2.163633032383999871e-03
7.200000000000000000e+02 8.000000000000000000e+02 -1.655249062827999877e-03
8.000000000000000000e+02 9.000000000000000000e+02 -1.589016165720000175e-03
9.000000000000000000e+02 1.000000000000000000e+03 -1.251151393259999911e-03
1.000000000000000000e+03 1.150000000000000000e+03 -1.557162250000000041e-03
1.150000000000000000e+03 1.300000000000000000e+03 -1.655752768999999881e-03
1.300000000000000000e+03 1.500000000000000000e+03 -1.456578000000000039e-03
1.500000000000000000e+03 1.700000000000000000e+03 5.864784090000000781e-04
1.700000000000000000e+03 2.000000000000000000e+03 1.687558071999999902e-04
2.000000000000000000e+03 2.300000000000000000e+03 3.936679219000000212e-05
2.300000000000000000e+03 3.500000000000000000e+03 1.803628200999999933e-05
