2.500000000000000000e+02 4.000000000000000000e+02 -6.649360000080448661e-04
4.000000000000000000e+02 4.800000000000000000e+02 -1.080867000030839159e-03
4.800000000000000000e+02 5.600000000000000000e+02 -8.147170000669359986e-04
5.600000000000000000e+02 6.400000000000000000e+02 -5.771010001243100703e-04
6.400000000000000000e+02 7.200000000000000000e+02 -4.087190002067000419e-04
7.200000000000000000e+02 8.000000000000000000e+02 -2.922313003414799860e-04
8.000000000000000000e+02 9.000000000000000000e+02 -2.562379006714200205e-04
9.000000000000000000e+02 1.000000000000000000e+03 -1.764662010719999933e-04
1.000000000000000000e+03 1.150000000000000000e+03 -1.725440027695999859e-04
1.150000000000000000e+03 1.300000000000000000e+03 -1.066206047256000047e-04
1.300000000000000000e+03 1.500000000000000000e+03 -8.621220147999999540e-05
1.500000000000000000e+03 1.700000000000000000e+03 -5.122499282300000328e-05
1.700000000000000000e+03 2.000000000000000000e+03 -4.448431799899999921e-05
2.000000000000000000e+03 2.300000000000000000e+03 -2.604286439999999890e-05
2.300000000000000000e+03 3.500000000000000000e+03 -3.380826000000000350e-05
