2.500000000000000000e+02 4.000000000000000000e+02 5.428800000000000014e-07
4.000000000000000000e+02 4.800000000000000000e+02 1.650899999999999940e-06
4.800000000000000000e+02 5.600000000000000000e+02 2.582299999999999823e-06
5.600000000000000000e+02 6.400000000000000000e+02 3.789699999999999901e-06
6.400000000000000000e+02 7.200000000000000000e+02 5.679999999999999828e-06
7.200000000000000000e+02 8.000000000000000000e+02 9.371999999999999377e-06
8.000000000000000000e+02 9.000000000000000000e+02 2.799900000000000078e-05
9.000000000000000000e+02 1.000000000000000000e+03 5.036100000000000385e-04
1.000000000000000000e+03 1.150000000000000000e+03 7.821400000000000000e+10
1.150000000000000000e+03 1.300000000000000000e+03 1.471699999999999987e-05
1.300000000000000000e+03 1.500000000000000000e+03 4.291999999999999734e-06
1.500000000000000000e+03 1.700000000000000000e+03 1.297300000000000056e-06
1.700000000000000000e+03 2.000000000000000000e+03 6.532800000000000370e-07
2.000000000000000000e+03 2.300000000000000000e+03 2.116499999999999927e-07
2.300000000000000000e+03 3.500000000000000000e+03 1.312000000000000102e-07
