2.500000000000000000e+02 4.000000000000000000e+02 5.691700000000000071e-07
4.000000000000000000e+02 4.800000000000000000e+02 1.726799999999999925e-06
4.800000000000000000e+02 5.600000000000000000e+02 2.725400000000000198e-06
5.600000000000000000e+02 6.400000000000000000e+02 4.023499999999999679e-06
6.400000000000000000e+02 7.200000000000000000e+02 6.092999999999999939e-06
7.200000000000000000e+02 8.000000000000000000e+02 1.030699999999999974e-05
8.000000000000000000e+02 9.000000000000000000e+02 3.236600000000000149e-05
9.000000000000000000e+02 1.000000000000000000e+03 1.100900000000000034e+01
1.000000000000000000e+03 1.150000000000000000e+03 1.364700000000000000e+11
1.150000000000000000e+03 1.300000000000000000e+03 1.339099999999999935e-05
1.300000000000000000e+03 1.500000000000000000e+03 4.104800000000000069e-06
1.500000000000000000e+03 1.700000000000000000e+03 1.263700000000000073e-06
1.700000000000000000e+03 2.000000000000000000e+03 6.408900000000000167e-07
2.000000000000000000e+03 2.300000000000000000e+03 2.097399999999999974e-07
2.300000000000000000e+03 3.500000000000000000e+03 1.301500000000000107e-07
