2.500000000000000000e+02 4.000000000000000000e+02 1.247000000000000089e-06
4.000000000000000000e+02 4.800000000000000000e+02 4.034500000000000082e-06
4.800000000000000000e+02 5.600000000000000000e+02 7.164300000000000168e-06
5.600000000000000000e+02 6.400000000000000000e+02 1.272899999999999959e-05
6.400000000000000000e+02 7.200000000000000000e+02 2.717400000000000105e-05
7.200000000000000000e+02 8.000000000000000000e+02 1.054799999999999998e-04
8.000000000000000000e+02 9.000000000000000000e+02 1.363300000000000000e+11
9.000000000000000000e+02 1.000000000000000000e+03 9.284300000000000538e-05
1.000000000000000000e+03 1.150000000000000000e+03 1.940200000000000160e-05
1.150000000000000000e+03 1.300000000000000000e+03 5.098000000000000148e-06
1.300000000000000000e+03 1.500000000000000000e+03 2.372700000000000170e-06
1.500000000000000000e+03 1.700000000000000000e+03 9.026999999999999504e-07
1.700000000000000000e+03 2.000000000000000000e+03 5.104500000000000213e-07
2.000000000000000000e+03 2.300000000000000000e+03 1.795099999999999974e-07
2.300000000000000000e+03 3.500000000000000000e+03 1.180300000000000054e-07
