2.500000000000000000e+02 4.000000000000000000e+02 -3.468340000011215733e-04
4.000000000000000000e+02 4.800000000000000000e+02 -5.621540000044310649e-04
4.800000000000000000e+02 5.600000000000000000e+02 -4.211170000093207100e-04
5.600000000000000000e+02 6.400000000000000000e+02 -2.973931000170450104e-04
6.400000000000000000e+02 7.200000000000000000e+02 -2.090803000284029980e-04
7.200000000000000000e+02 8.000000000000000000e+02 -1.485333000435129936e-04
8.000000000000000000e+02 9.000000000000000000e+02 -1.289269000850129976e-04
9.000000000000000000e+02 1.000000000000000000e+03 -8.771000013316000200e-05
1.000000000000000000e+03 1.150000000000000000e+03 -8.445270031807999974e-05
1.150000000000000000e+03 1.300000000000000000e+03 -5.094135051036000013e-05
1.300000000000000000e+03 1.500000000000000000e+03 -3.964362110209999467e-05
1.500000000000000000e+03 1.700000000000000000e+03 -2.242645180039999774e-05
1.700000000000000000e+03 2.000000000000000000e+03 -1.769363470860000045e-05
2.000000000000000000e+03 2.300000000000000000e+03 -8.715777655999999891e-06
2.300000000000000000e+03 3.500000000000000000e+03 -1.008471231000000101e-05
