2.500000000000000000e+02 4.000000000000000000e+02 4.091299999999999717e-09
4.000000000000000000e+02 4.800000000000000000e+02 1.099999999999999924e-08
4.800000000000000000e+02 5.600000000000000000e+02 1.451400000000000013e-08
5.600000000000000000e+02 6.400000000000000000e+02 1.674700000000000100e-08
6.400000000000000000e+02 7.200000000000000000e+02 1.819199999999999839e-08
7.200000000000000000e+02 8.000000000000000000e+02 1.922499999999999844e-08
8.000000000000000000e+02 9.000000000000000000e+02 2.478900000000000115e-08
9.000000000000000000e+02 1.000000000000000000e+03 2.540599999999999933e-08
1.000000000000000000e+03 1.150000000000000000e+03 3.827599999999999810e-08
1.150000000000000000e+03 1.300000000000000000e+03 3.811999999999999988e-08
1.300000000000000000e+03 1.500000000000000000e+03 5.032500000000000230e-08
1.500000000000000000e+03 1.700000000000000000e+03 4.981800000000000312e-08
1.700000000000000000e+03 2.000000000000000000e+03 7.598900000000000632e-08
2.000000000000000000e+03 2.300000000000000000e+03 8.376699999999999828e-08
2.300000000000000000e+03 3.500000000000000000e+03 3.735900000000000000e+07
