2.500000000000000000e+02 4.000000000000000000e+02 -1.772092467999999976e-01
4.000000000000000000e+02 4.800000000000000000e+02 1.393171399999999782e-01
4.800000000000000000e+02 5.600000000000000000e+02 7.714375554100000310e-02
5.600000000000000000e+02 6.400000000000000000e+02 2.619765113499999964e-02
6.400000000000000000e+02 7.200000000000000000e+02 1.158323460069999970e-02
7.200000000000000000e+02 8.000000000000000000e+02 5.801642548299999237e-03
8.000000000000000000e+02 9.000000000000000000e+02 3.672932899599999808e-03
9.000000000000000000e+02 1.000000000000000000e+03 1.846486187700000121e-03
1.000000000000000000e+03 1.150000000000000000e+03 1.306768115899999919e-03
1.150000000000000000e+03 1.300000000000000000e+03 5.665402793600000106e-04
1.300000000000000000e+03 1.500000000000000000e+03 3.197747456499999610e-04
1.500000000000000000e+03 1.700000000000000000e+03 1.284831259299999988e-04
1.700000000000000000e+03 2.000000000000000000e+03 7.113231612000000506e-05
2.000000000000000000e+03 2.300000000000000000e+03 2.297324561000000146e-05
2.300000000000000000e+03 3.500000000000000000e+03 1.283928935999999956e-05
