2.500000000000000000e+02 4.000000000000000000e+02 7.149100000000000138e-08
4.000000000000000000e+02 4.800000000000000000e+02 1.987599999999999878e-07
4.800000000000000000e+02 5.600000000000000000e+02 2.758000000000000212e-07
5.600000000000000000e+02 6.400000000000000000e+02 3.375200000000000206e-07
6.400000000000000000e+02 7.200000000000000000e+02 3.975199999999999756e-07
7.200000000000000000e+02 8.000000000000000000e+02 4.576500000000000250e-07
8.000000000000000000e+02 9.000000000000000000e+02 6.707400000000000359e-07
9.000000000000000000e+02 1.000000000000000000e+03 8.076400000000000507e-07
1.000000000000000000e+03 1.150000000000000000e+03 1.624999999999999900e-06
1.150000000000000000e+03 1.300000000000000000e+03 2.674600000000000193e-06
1.300000000000000000e+03 1.500000000000000000e+03 1.220700000000000019e-05
1.500000000000000000e+03 1.700000000000000000e+03 7.881400000000000000e+09
1.700000000000000000e+03 2.000000000000000000e+03 8.140200000000000430e-06
2.000000000000000000e+03 2.300000000000000000e+03 7.006000000000000134e-07
2.300000000000000000e+03 3.500000000000000000e+03 2.545299999999999902e-07
