2.500000000000000000e+02 4.000000000000000000e+02 -1.105604003725099878e-02
4.000000000000000000e+02 4.800000000000000000e+02 -1.994282020475000167e-02
4.800000000000000000e+02 5.600000000000000000e+02 -1.793465076145999912e-02
5.600000000000000000e+02 6.400000000000000000e+02 -1.664474334339999945e-02
6.400000000000000000e+02 7.200000000000000000e+02 -1.857424495999999980e-02
7.200000000000000000e+02 8.000000000000000000e+02 -1.708417999999999881e-01
8.000000000000000000e+02 9.000000000000000000e+02 4.280357000000000189e-01
9.000000000000000000e+02 1.000000000000000000e+03 5.387116893000000288e-03
1.000000000000000000e+03 1.150000000000000000e+03 2.576046380600000105e-03
1.150000000000000000e+03 1.300000000000000000e+03 8.854068093999999719e-04
1.300000000000000000e+03 1.500000000000000000e+03 4.383228096999999693e-04
1.500000000000000000e+03 1.700000000000000000e+03 1.603737423600000011e-04
1.700000000000000000e+03 2.000000000000000000e+03 8.344600285999999756e-05
2.000000000000000000e+03 2.300000000000000000e+03 2.570439494999999790e-05
2.300000000000000000e+03 3.500000000000000000e+03 1.391568888999999974e-05
