2.500000000000000000e+02 4.000000000000000000e+02 3.475700000000000028e-06
4.000000000000000000e+02 4.800000000000000000e+02 1.311200000000000084e-05
4.800000000000000000e+02 5.600000000000000000e+02 3.159100000000000298e-05
5.600000000000000000e+02 6.400000000000000000e+02 1.146600000000000033e-04
6.400000000000000000e+02 7.200000000000000000e+02 2.269000000000000000e+11
7.200000000000000000e+02 8.000000000000000000e+02 4.288799999999999731e-04
8.000000000000000000e+02 9.000000000000000000e+02 4.754600000000000184e-05
9.000000000000000000e+02 1.000000000000000000e+03 1.368800000000000007e-05
1.000000000000000000e+03 1.150000000000000000e+03 7.544599999999999729e-06
1.150000000000000000e+03 1.300000000000000000e+03 2.949699999999999897e-06
1.300000000000000000e+03 1.500000000000000000e+03 1.662899999999999995e-06
1.500000000000000000e+03 1.700000000000000000e+03 7.047500000000000075e-07
1.700000000000000000e+03 2.000000000000000000e+03 4.295700000000000012e-07
2.000000000000000000e+03 2.300000000000000000e+03 1.589700000000000001e-07
2.300000000000000000e+03 3.500000000000000000e+03 1.093300000000000003e-07
