2.500000000000000000e+02 4.000000000000000000e+02 -3.446290113860000365e-02
4.000000000000000000e+02 4.800000000000000000e+02 -8.420881981299999097e-02
4.800000000000000000e+02 5.600000000000000000e+02 -2.173337999999999937e-01
5.600000000000000000e+02 6.400000000000000000e+02 1.193477748000000005e-01
6.400000000000000000e+02 7.200000000000000000e+02 2.145277959800000189e-02
7.200000000000000000e+02 8.000000000000000000e+02 8.563658118200000169e-03
8.000000000000000000e+02 9.000000000000000000e+02 4.814391247899999469e-03
9.000000000000000000e+02 1.000000000000000000e+03 2.250112168300000097e-03
1.000000000000000000e+03 1.150000000000000000e+03 1.510150660400000127e-03
1.150000000000000000e+03 1.300000000000000000e+03 6.280116038799999755e-04
1.300000000000000000e+03 1.500000000000000000e+03 3.452777781399999800e-04
1.500000000000000000e+03 1.700000000000000000e+03 1.359540957600000066e-04
1.700000000000000000e+03 2.000000000000000000e+03 7.406934345999999540e-05
2.000000000000000000e+03 2.300000000000000000e+03 2.364974686999999904e-05
2.300000000000000000e+03 3.500000000000000000e+03 1.316629148000000006e-05
