2.500000000000000000e+02 4.000000000000000000e+02 1.265800000000000125e-07
4.000000000000000000e+02 4.800000000000000000e+02 3.569900000000000223e-07
4.800000000000000000e+02 5.600000000000000000e+02 5.061099999999999705e-07
5.600000000000000000e+02 6.400000000000000000e+02 6.389599999999999988e-07
6.400000000000000000e+02 7.200000000000000000e+02 7.790700000000000007e-07
7.200000000000000000e+02 8.000000000000000000e+02 9.403899999999999656e-07
8.000000000000000000e+02 9.000000000000000000e+02 1.476599999999999974e-06
9.000000000000000000e+02 1.000000000000000000e+03 1.994500000000000132e-06
1.000000000000000000e+03 1.150000000000000000e+03 5.097799999999999710e-06
1.150000000000000000e+03 1.300000000000000000e+03 1.646999999999999986e-05
1.300000000000000000e+03 1.500000000000000000e+03 5.556400000000000000e+09
1.500000000000000000e+03 1.700000000000000000e+03 1.144700000000000069e-05
1.700000000000000000e+03 2.000000000000000000e+03 1.952899999999999971e-06
2.000000000000000000e+03 2.300000000000000000e+03 4.007399999999999740e-07
2.300000000000000000e+03 3.500000000000000000e+03 1.902300000000000034e-07
