2.500000000000000000e+02 4.000000000000000000e+02 1.661300000000000043e-09
4.000000000000000000e+02 4.800000000000000000e+02 4.453200000000000297e-09
4.800000000000000000e+02 5.600000000000000000e+02 5.832799999999999958e-09
5.600000000000000000e+02 6.400000000000000000e+02 6.663899999999999704e-09
6.400000000000000000e+02 7.200000000000000000e+02 7.209299999999999910e-09
7.200000000000000000e+02 8.000000000000000000e+02 7.547900000000000374e-09
8.000000000000000000e+02 9.000000000000000000e+02 9.658299999999999208e-09
9.000000000000000000e+02 1.000000000000000000e+03 9.721100000000000273e-09
1.000000000000000000e+03 1.150000000000000000e+03 1.431300000000000051e-08
1.150000000000000000e+03 1.300000000000000000e+03 1.385699999999999961e-08
1.300000000000000000e+03 1.500000000000000000e+03 1.749700000000000110e-08
1.500000000000000000e+03 1.700000000000000000e+03 1.630900000000000065e-08
1.700000000000000000e+03 2.000000000000000000e+03 2.226800000000000127e-08
2.000000000000000000e+03 2.300000000000000000e+03 2.027100000000000000e-08
2.300000000000000000e+03 3.500000000000000000e+03 9.042700000000000630e-08
