2.500000000000000000e+02 4.000000000000000000e+02 1.589199999999999963e-06
4.000000000000000000e+02 4.800000000000000000e+02 5.286200000000000312e-06
4.800000000000000000e+02 5.600000000000000000e+02 9.887700000000000216e-06
5.600000000000000000e+02 6.400000000000000000e+02 1.930199999999999917e-05
6.400000000000000000e+02 7.200000000000000000e+02 5.123099999999999789e-05
7.200000000000000000e+02 8.000000000000000000e+02 7.906499999999999466e-04
8.000000000000000000e+02 9.000000000000000000e+02 2.307500000000000000e+11
9.000000000000000000e+02 1.000000000000000000e+03 4.237799999999999982e-05
1.000000000000000000e+03 1.150000000000000000e+03 1.403299999999999930e-05
1.150000000000000000e+03 1.300000000000000000e+03 4.293199999999999824e-06
1.300000000000000000e+03 1.500000000000000000e+03 2.127499999999999959e-06
1.500000000000000000e+03 1.700000000000000000e+03 8.360099999999999799e-07
1.700000000000000000e+03 2.000000000000000000e+03 4.857999999999999693e-07
2.000000000000000000e+03 2.300000000000000000e+03 1.739999999999999964e-07
2.300000000000000000e+03 3.500000000000000000e+03 1.158299999999999989e-07
