2.500000000000000000e+02 4.000000000000000000e+02 1.694600000000000047e-06
4.000000000000000000e+02 4.800000000000000000e+02 5.672599999999999695e-06
4.800000000000000000e+02 5.600000000000000000e+02 1.078599999999999973e-05
5.600000000000000000e+02 6.400000000000000000e+02 2.167300000000000070e-05
6.400000000000000000e+02 7.200000000000000000e+02 6.171899999999999641e-05
7.200000000000000000e+02 8.000000000000000000e+02 1.079299999999999955e+03
8.000000000000000000e+02 9.000000000000000000e+02 3.873800000000000000e+10
9.000000000000000000e+02 1.000000000000000000e+03 3.668700000000000297e-05
1.000000000000000000e+03 1.150000000000000000e+03 1.309599999999999964e-05
1.150000000000000000e+03 1.300000000000000000e+03 4.110799999999999673e-06
1.300000000000000000e+03 1.500000000000000000e+03 2.074600000000000008e-06
1.500000000000000000e+03 1.700000000000000000e+03 8.247700000000000460e-07
1.700000000000000000e+03 2.000000000000000000e+03 4.781099999999999845e-07
2.000000000000000000e+03 2.300000000000000000e+03 1.722400000000000124e-07
2.300000000000000000e+03 3.500000000000000000e+03 1.152600000000000011e-07
