2.500000000000000000e+02 4.000000000000000000e+02 -1.745130999999999988e+00
4.000000000000000000e+02 4.800000000000000000e+02 5.043172000000000210e+00
4.800000000000000000e+02 5.600000000000000000e+02 6.418483080499999549e-02
5.600000000000000000e+02 6.400000000000000000e+02 2.391300842230000001e-02
6.400000000000000000e+02 7.200000000000000000e+02 1.093410391660000133e-02
7.200000000000000000e+02 8.000000000000000000e+02 5.552612220199999900e-03
8.000000000000000000e+02 9.000000000000000000e+02 3.561255728999999839e-03
9.000000000000000000e+02 1.000000000000000000e+03 1.806019114000000049e-03
1.000000000000000000e+03 1.150000000000000000e+03 1.288436058600000078e-03
1.150000000000000000e+03 1.300000000000000000e+03 5.603199521299999375e-04
1.300000000000000000e+03 1.500000000000000000e+03 3.173824282699999806e-04
1.500000000000000000e+03 1.700000000000000000e+03 1.274271227000000066e-04
1.700000000000000000e+03 2.000000000000000000e+03 7.079711080000000039e-05
2.000000000000000000e+03 2.300000000000000000e+03 2.288034168999999868e-05
2.300000000000000000e+03 3.500000000000000000e+03 1.285110636999999969e-05
