2.500000000000000000e+02 4.000000000000000000e+02 1.877199999999999984e-04
4.000000000000000000e+02 4.800000000000000000e+02 1.034500000000000000e+12
4.800000000000000000e+02 5.600000000000000000e+02 3.224899999999999837e-04
5.600000000000000000e+02 6.400000000000000000e+02 6.312799999999999597e-05
6.400000000000000000e+02 7.200000000000000000e+02 2.492499999999999938e-05
7.200000000000000000e+02 8.000000000000000000e+02 1.240400000000000016e-05
8.000000000000000000e+02 9.000000000000000000e+02 8.200400000000000294e-06
9.000000000000000000e+02 1.000000000000000000e+03 4.471000000000000053e-06
1.000000000000000000e+03 1.150000000000000000e+03 3.512600000000000047e-06
1.150000000000000000e+03 1.300000000000000000e+03 1.734400000000000072e-06
1.300000000000000000e+03 1.500000000000000000e+03 1.134799999999999918e-06
1.500000000000000000e+03 1.700000000000000000e+03 5.359800000000000124e-07
1.700000000000000000e+03 2.000000000000000000e+03 3.501499999999999954e-07
2.000000000000000000e+03 2.300000000000000000e+03 1.386799999999999951e-07
2.300000000000000000e+03 3.500000000000000000e+03 9.974699999999999976e-08
