2.500000000000000000e+02 4.000000000000000000e+02 -1.532940000000987705e-04
4.000000000000000000e+02 4.800000000000000000e+02 -2.479530000003705558e-04
4.800000000000000000e+02 5.600000000000000000e+02 -1.852730000008025668e-04
5.600000000000000000e+02 6.400000000000000000e+02 -1.303126000014360087e-04
6.400000000000000000e+02 7.200000000000000000e+02 -9.129930000234950862e-05
7.200000000000000000e+02 8.000000000000000000e+02 -6.485630000363788901e-05
8.000000000000000000e+02 9.000000000000000000e+02 -5.593946000701329651e-05
9.000000000000000000e+02 1.000000000000000000e+03 -3.780495001034500104e-05
1.000000000000000000e+03 1.150000000000000000e+03 -3.591690002456899867e-05
1.150000000000000000e+03 1.300000000000000000e+03 -2.134546003862500201e-05
1.300000000000000000e+03 1.500000000000000000e+03 -1.637237007824099975e-05
1.500000000000000000e+03 1.700000000000000000e+03 -8.985972117730000515e-06
1.700000000000000000e+03 2.000000000000000000e+03 -6.850985271999999226e-06
2.000000000000000000e+03 2.300000000000000000e+03 -3.166720409730000018e-06
2.300000000000000000e+03 3.500000000000000000e+03 -2.964738407999999741e-06
