2.500000000000000000e+02 4.000000000000000000e+02 2.850500000000000031e-09
4.000000000000000000e+02 4.800000000000000000e+02 7.648699999999999861e-09
4.800000000000000000e+02 5.600000000000000000e+02 1.006499999999999947e-08
5.600000000000000000e+02 6.400000000000000000e+02 1.158000000000000013e-08
6.400000000000000000e+02 7.200000000000000000e+02 1.255099999999999936e-08
7.200000000000000000e+02 8.000000000000000000e+02 1.315499999999999934e-08
8.000000000000000000e+02 9.000000000000000000e+02 1.698999999999999861e-08
9.000000000000000000e+02 1.000000000000000000e+03 1.720200000000000077e-08
1.000000000000000000e+03 1.150000000000000000e+03 2.573599999999999964e-08
1.150000000000000000e+03 1.300000000000000000e+03 2.522100000000000131e-08
1.300000000000000000e+03 1.500000000000000000e+03 3.268099999999999995e-08
1.500000000000000000e+03 1.700000000000000000e+03 3.132800000000000100e-08
1.700000000000000000e+03 2.000000000000000000e+03 4.537799999999999778e-08
2.000000000000000000e+03 2.300000000000000000e+03 4.514200000000000149e-08
2.300000000000000000e+03 3.500000000000000000e+03 5.793899999999999745e-02
