2.500000000000000000e+02 4.000000000000000000e+02 6.397500000000000397e-11
4.000000000000000000e+02 4.800000000000000000e+02 1.700399999999999887e-10
4.800000000000000000e+02 5.600000000000000000e+02 2.207100000000000061e-10
5.600000000000000000e+02 6.400000000000000000e+02 2.509499999999999968e-10
6.400000000000000000e+02 7.200000000000000000e+02 2.684700000000000045e-10
7.200000000000000000e+02 8.000000000000000000e+02 2.772200000000000002e-10
8.000000000000000000e+02 9.000000000000000000e+02 3.498600000000000202e-10
9.000000000000000000e+02 1.000000000000000000e+03 3.440000000000000012e-10
1.000000000000000000e+03 1.150000000000000000e+03 4.951699999999999558e-10
1.150000000000000000e+03 1.300000000000000000e+03 4.602799999999999863e-10
1.300000000000000000e+03 1.500000000000000000e+03 5.519299999999999749e-10
1.500000000000000000e+03 1.700000000000000000e+03 4.772800000000000310e-10
1.700000000000000000e+03 2.000000000000000000e+03 5.857999999999999830e-10
2.000000000000000000e+03 2.300000000000000000e+03 4.498100000000000214e-10
2.300000000000000000e+03 3.500000000000000000e+03 9.132600000000000082e-10
