2.500000000000000000e+02 4.000000000000000000e+02 4.629200000000000159e+02
4.000000000000000000e+02 4.800000000000000000e+02 3.063000000000000000e+11
4.800000000000000000e+02 5.600000000000000000e+02 1.320299999999999946e-04
5.600000000000000000e+02 6.400000000000000000e+02 4.252400000000000147e-05
6.400000000000000000e+02 7.200000000000000000e+02 1.951300000000000105e-05
7.200000000000000000e+02 8.000000000000000000e+02 1.044999999999999990e-05
8.000000000000000000e+02 9.000000000000000000e+02 7.236500000000000087e-06
9.000000000000000000e+02 1.000000000000000000e+03 4.072500000000000395e-06
1.000000000000000000e+03 1.150000000000000000e+03 3.258600000000000023e-06
1.150000000000000000e+03 1.300000000000000000e+03 1.653699999999999939e-06
1.300000000000000000e+03 1.500000000000000000e+03 1.091000000000000015e-06
1.500000000000000000e+03 1.700000000000000000e+03 5.207699999999999708e-07
1.700000000000000000e+03 2.000000000000000000e+03 3.451600000000000017e-07
2.000000000000000000e+03 2.300000000000000000e+03 1.361999999999999888e-07
2.300000000000000000e+03 3.500000000000000000e+03 9.868900000000000445e-08
