2.500000000000000000e+02 4.000000000000000000e+02 3.240399999999999998e-10
4.000000000000000000e+02 4.800000000000000000e+02 8.675499999999999665e-10
4.800000000000000000e+02 5.600000000000000000e+02 1.128700000000000042e-09
5.600000000000000000e+02 6.400000000000000000e+02 1.287900000000000071e-09
6.400000000000000000e+02 7.200000000000000000e+02 1.381600000000000068e-09
7.200000000000000000e+02 8.000000000000000000e+02 1.428100000000000063e-09
8.000000000000000000e+02 9.000000000000000000e+02 1.808599999999999938e-09
9.000000000000000000e+02 1.000000000000000000e+03 1.793899999999999978e-09
1.000000000000000000e+03 1.150000000000000000e+03 2.593200000000000103e-09
1.150000000000000000e+03 1.300000000000000000e+03 2.451600000000000095e-09
1.300000000000000000e+03 1.500000000000000000e+03 2.974600000000000047e-09
1.500000000000000000e+03 1.700000000000000000e+03 2.629900000000000193e-09
1.700000000000000000e+03 2.000000000000000000e+03 3.325100000000000026e-09
2.000000000000000000e+03 2.300000000000000000e+03 2.668299999999999978e-09
2.300000000000000000e+03 3.500000000000000000e+03 6.195200000000000279e-09
