2.500000000000000000e+02 4.000000000000000000e+02 4.194700000000000130e-11
4.000000000000000000e+02 4.800000000000000000e+02 1.116799999999999959e-10
4.800000000000000000e+02 5.600000000000000000e+02 1.444999999999999921e-10
5.600000000000000000e+02 6.400000000000000000e+02 1.645599999999999984e-10
6.400000000000000000e+02 7.200000000000000000e+02 1.760399999999999939e-10
7.200000000000000000e+02 8.000000000000000000e+02 1.818199999999999987e-10
8.000000000000000000e+02 9.000000000000000000e+02 2.285300000000000111e-10
9.000000000000000000e+02 1.000000000000000000e+03 2.247200000000000005e-10
1.000000000000000000e+03 1.150000000000000000e+03 3.241899999999999941e-10
1.150000000000000000e+03 1.300000000000000000e+03 3.001799999999999912e-10
1.300000000000000000e+03 1.500000000000000000e+03 3.583399999999999744e-10
1.500000000000000000e+03 1.700000000000000000e+03 3.097300000000000254e-10
1.700000000000000000e+03 2.000000000000000000e+03 3.785299999999999843e-10
2.000000000000000000e+03 2.300000000000000000e+03 2.890799999999999985e-10
2.300000000000000000e+03 3.500000000000000000e+03 5.747799999999999528e-10
