2.500000000000000000e+02 4.000000000000000000e+02 -5.444060000044676634e-04
4.000000000000000000e+02 4.800000000000000000e+02 -8.835120000176240659e-04
4.800000000000000000e+02 5.600000000000000000e+02 -6.652570000357509606e-04
5.600000000000000000e+02 6.400000000000000000e+02 -4.686820000668320070e-04
6.400000000000000000e+02 7.200000000000000000e+02 -3.320325001112200232e-04
7.200000000000000000e+02 8.000000000000000000e+02 -2.370371001803100119e-04
8.000000000000000000e+02 9.000000000000000000e+02 -2.070913003590699858e-04
9.000000000000000000e+02 1.000000000000000000e+03 -1.421598005573600058e-04
1.000000000000000000e+03 1.150000000000000000e+03 -1.377560013901000038e-04
1.150000000000000000e+03 1.300000000000000000e+03 -8.436356231519999676e-05
1.300000000000000000e+03 1.500000000000000000e+03 -6.728839550419999803e-05
1.500000000000000000e+03 1.700000000000000000e+03 -3.907286978080000395e-05
1.700000000000000000e+03 2.000000000000000000e+03 -3.253178027199999701e-05
2.000000000000000000e+03 2.300000000000000000e+03 -1.761371300000000271e-05
2.300000000000000000e+03 3.500000000000000000e+03 -2.350869999999999737e-05
