2.500000000000000000e+02 4.000000000000000000e+02 -7.235220010148000168e-03
4.000000000000000000e+02 4.800000000000000000e+02 -1.253426005079999982e-02
4.800000000000000000e+02 5.600000000000000000e+02 -1.046388014786999929e-02
5.600000000000000000e+02 6.400000000000000000e+02 -8.555880428289999035e-03
6.400000000000000000e+02 7.200000000000000000e+02 -7.360761336700000733e-03
7.200000000000000000e+02 8.000000000000000000e+02 -7.087005334500000135e-03
8.000000000000000000e+02 9.000000000000000000e+02 -1.158141959799999926e-02
9.000000000000000000e+02 1.000000000000000000e+03 -5.584361000000000359e-03
1.000000000000000000e+03 1.150000000000000000e+03 6.134792239999999931e-03
1.150000000000000000e+03 1.300000000000000000e+03 1.306890220300000035e-03
1.300000000000000000e+03 1.500000000000000000e+03 5.532392043000000604e-04
1.500000000000000000e+03 1.700000000000000000e+03 1.872102994899999841e-04
1.700000000000000000e+03 2.000000000000000000e+03 9.263827022999998747e-05
2.000000000000000000e+03 2.300000000000000000e+03 2.761674724000000048e-05
2.300000000000000000e+03 3.500000000000000000e+03 1.454109939000000096e-05
