2.500000000000000000e+02 4.000000000000000000e+02 1.307400000000000120e-04
4.000000000000000000e+02 4.800000000000000000e+02 7.911500000000000000e+11
4.800000000000000000e+02 5.600000000000000000e+02 4.578299999999999991e-04
5.600000000000000000e+02 6.400000000000000000e+02 7.107900000000000166e-05
6.400000000000000000e+02 7.200000000000000000e+02 2.666199999999999985e-05
7.200000000000000000e+02 8.000000000000000000e+02 1.299300000000000079e-05
8.000000000000000000e+02 9.000000000000000000e+02 8.495899999999999413e-06
9.000000000000000000e+02 1.000000000000000000e+03 4.582599999999999967e-06
1.000000000000000000e+03 1.150000000000000000e+03 3.577999999999999878e-06
1.150000000000000000e+03 1.300000000000000000e+03 1.757399999999999894e-06
1.300000000000000000e+03 1.500000000000000000e+03 1.145899999999999905e-06
1.500000000000000000e+03 1.700000000000000000e+03 5.391699999999999767e-07
1.700000000000000000e+03 2.000000000000000000e+03 3.541499999999999783e-07
2.000000000000000000e+03 2.300000000000000000e+03 1.387899999999999875e-07
2.300000000000000000e+03 3.500000000000000000e+03 1.001800000000000011e-07
