2.500000000000000000e+02 4.000000000000000000e+02 6.812000000000000509e-05
4.000000000000000000e+02 4.800000000000000000e+02 6.638300000000000461e-05
4.800000000000000000e+02 5.600000000000000000e+02 3.409700000000000236e-05
5.600000000000000000e+02 6.400000000000000000e+02 1.870200000000000153e-05
6.400000000000000000e+02 7.200000000000000000e+02 1.101599999999999922e-05
7.200000000000000000e+02 8.000000000000000000e+02 6.809599999999999990e-06
8.000000000000000000e+02 9.000000000000000000e+02 5.231600000000000021e-06
9.000000000000000000e+02 1.000000000000000000e+03 3.165200000000000205e-06
1.000000000000000000e+03 1.150000000000000000e+03 2.695899999999999887e-06
1.150000000000000000e+03 1.300000000000000000e+03 1.433200000000000102e-06
1.300000000000000000e+03 1.500000000000000000e+03 9.787899999999999918e-07
1.500000000000000000e+03 1.700000000000000000e+03 4.794099999999999763e-07
1.700000000000000000e+03 2.000000000000000000e+03 3.232899999999999786e-07
2.000000000000000000e+03 2.300000000000000000e+03 1.304399999999999954e-07
2.300000000000000000e+03 3.500000000000000000e+03 9.630199999999999770e-08
