2.500000000000000000e+02 4.000000000000000000e+02 1.668500000000000034e-05
4.000000000000000000e+02 4.800000000000000000e+02 1.111899999999999976e-04
4.800000000000000000e+02 5.600000000000000000e+02 3.805100000000000000e+11
5.600000000000000000e+02 6.400000000000000000e+02 1.376599999999999959e-03
6.400000000000000000e+02 7.200000000000000000e+02 7.561700000000000463e-05
7.200000000000000000e+02 8.000000000000000000e+02 2.474000000000000030e-05
8.000000000000000000e+02 9.000000000000000000e+02 1.321099999999999938e-05
9.000000000000000000e+02 1.000000000000000000e+03 6.265899999999999588e-06
1.000000000000000000e+03 1.150000000000000000e+03 4.498800000000000024e-06
1.150000000000000000e+03 1.300000000000000000e+03 2.079999999999999991e-06
1.300000000000000000e+03 1.500000000000000000e+03 1.291300000000000029e-06
1.500000000000000000e+03 1.700000000000000000e+03 5.901199999999999929e-07
1.700000000000000000e+03 2.000000000000000000e+03 3.765800000000000011e-07
2.000000000000000000e+03 2.300000000000000000e+03 1.457200000000000105e-07
2.300000000000000000e+03 3.500000000000000000e+03 1.035200000000000032e-07
