2.500000000000000000e+02 4.000000000000000000e+02 4.078299999999999899e-05
4.000000000000000000e+02 4.800000000000000000e+02 4.775300000000000172e-05
4.800000000000000000e+02 5.600000000000000000e+02 2.758300000000000001e-05
5.600000000000000000e+02 6.400000000000000000e+02 1.616699999999999954e-05
6.400000000000000000e+02 7.200000000000000000e+02 9.858899999999999746e-06
7.200000000000000000e+02 8.000000000000000000e+02 6.264200000000000096e-06
8.000000000000000000e+02 9.000000000000000000e+02 4.893499999999999819e-06
9.000000000000000000e+02 1.000000000000000000e+03 2.998399999999999956e-06
1.000000000000000000e+03 1.150000000000000000e+03 2.594000000000000067e-06
1.150000000000000000e+03 1.300000000000000000e+03 1.388899999999999950e-06
1.300000000000000000e+03 1.500000000000000000e+03 9.560499999999999351e-07
1.500000000000000000e+03 1.700000000000000000e+03 4.714899999999999954e-07
1.700000000000000000e+03 2.000000000000000000e+03 3.201000000000000142e-07
2.000000000000000000e+03 2.300000000000000000e+03 1.291799999999999960e-07
2.300000000000000000e+03 3.500000000000000000e+03 9.456600000000000121e-08
