2.500000000000000000e+02 4.000000000000000000e+02 1.325200000000000034e-06
4.000000000000000000e+02 4.800000000000000000e+02 4.305899999999999719e-06
4.800000000000000000e+02 5.600000000000000000e+02 7.755899999999999722e-06
5.600000000000000000e+02 6.400000000000000000e+02 1.406399999999999952e-05
6.400000000000000000e+02 7.200000000000000000e+02 3.134600000000000109e-05
7.200000000000000000e+02 8.000000000000000000e+02 1.445999999999999911e-04
8.000000000000000000e+02 9.000000000000000000e+02 1.767700000000000000e+11
9.000000000000000000e+02 1.000000000000000000e+03 7.330099999999999496e-05
1.000000000000000000e+03 1.150000000000000000e+03 1.787800000000000061e-05
1.150000000000000000e+03 1.300000000000000000e+03 4.863200000000000296e-06
1.300000000000000000e+03 1.500000000000000000e+03 2.311699999999999822e-06
1.500000000000000000e+03 1.700000000000000000e+03 8.841699999999999558e-07
1.700000000000000000e+03 2.000000000000000000e+03 5.041100000000000320e-07
2.000000000000000000e+03 2.300000000000000000e+03 1.781700000000000132e-07
2.300000000000000000e+03 3.500000000000000000e+03 1.175500000000000037e-07
