2.500000000000000000e+02 4.000000000000000000e+02 -5.512710000000450904e-05
4.000000000000000000e+02 4.800000000000000000e+02 -8.907590000001756956e-05
4.800000000000000000e+02 5.600000000000000000e+02 -6.644080000003619463e-05
5.600000000000000000e+02 6.400000000000000000e+02 -4.664910000006497790e-05
6.400000000000000000e+02 7.200000000000000000e+02 -3.260395000010746284e-05
7.200000000000000000e+02 8.000000000000000000e+02 -2.301940000016452958e-05
8.000000000000000000e+02 9.000000000000000000e+02 -1.983913000031074241e-05
9.000000000000000000e+02 1.000000000000000000e+03 -1.337527000047253945e-05
1.000000000000000000e+03 1.150000000000000000e+03 -1.268752000107190134e-05
1.150000000000000000e+03 1.300000000000000000e+03 -7.487636001643599924e-06
1.300000000000000000e+03 1.500000000000000000e+03 -5.688188003310799911e-06
1.500000000000000000e+03 1.700000000000000000e+03 -3.094093004820800104e-06
1.700000000000000000e+03 2.000000000000000000e+03 -2.315097010081999596e-06
2.000000000000000000e+03 2.300000000000000000e+03 -1.046215314391999968e-06
2.300000000000000000e+03 3.500000000000000000e+03 -9.225254923840000525e-07
