2.500000000000000000e+02 4.000000000000000000e+02 2.080000000000000075e-05
4.000000000000000000e+02 4.800000000000000000e+02 2.973900000000000106e-05
4.800000000000000000e+02 5.600000000000000000e+02 1.992899999999999842e-05
5.600000000000000000e+02 6.400000000000000000e+02 1.274400000000000030e-05
6.400000000000000000e+02 7.200000000000000000e+02 8.236999999999999232e-06
7.200000000000000000e+02 8.000000000000000000e+02 5.428799999999999590e-06
8.000000000000000000e+02 9.000000000000000000e+02 4.356300000000000118e-06
9.000000000000000000e+02 1.000000000000000000e+03 2.741099999999999895e-06
1.000000000000000000e+03 1.150000000000000000e+03 2.409600000000000189e-06
1.150000000000000000e+03 1.300000000000000000e+03 1.314999999999999903e-06
1.300000000000000000e+03 1.500000000000000000e+03 9.185799999999999576e-07
1.500000000000000000e+03 1.700000000000000000e+03 4.569500000000000253e-07
1.700000000000000000e+03 2.000000000000000000e+03 3.119599999999999956e-07
2.000000000000000000e+03 2.300000000000000000e+03 1.267999999999999972e-07
2.300000000000000000e+03 3.500000000000000000e+03 9.385999999999999476e-08
