2.500000000000000000e+02 4.000000000000000000e+02 4.656290270780000240e-02
4.000000000000000000e+02 4.800000000000000000e+02 5.293310343220000019e-02
4.800000000000000000e+02 5.600000000000000000e+02 2.715036236630000155e-02
5.600000000000000000e+02 6.400000000000000000e+02 1.397992165560000069e-02
6.400000000000000000e+02 7.200000000000000000e+02 7.471531256799999673e-03
7.200000000000000000e+02 8.000000000000000000e+02 4.164939930339999798e-03
8.000000000000000000e+02 9.000000000000000000e+02 2.852790884539999853e-03
9.000000000000000000e+02 1.000000000000000000e+03 1.521809666740000068e-03
1.000000000000000000e+03 1.150000000000000000e+03 1.128540718700000046e-03
1.150000000000000000e+03 1.300000000000000000e+03 5.062664839799999646e-04
1.300000000000000000e+03 1.500000000000000000e+03 2.939202260400000091e-04
1.500000000000000000e+03 1.700000000000000000e+03 1.205344704700000026e-04
1.700000000000000000e+03 2.000000000000000000e+03 6.792321715999999072e-05
2.000000000000000000e+03 2.300000000000000000e+03 2.218873969999999774e-05
2.300000000000000000e+03 3.500000000000000000e+03 1.262079836999999931e-05
