2.500000000000000000e+02 4.000000000000000000e+02 -4.546480000025735044e-04
4.000000000000000000e+02 4.800000000000000000e+02 -7.350840000100410110e-04
4.800000000000000000e+02 5.600000000000000000e+02 -5.531440000212940441e-04
5.600000000000000000e+02 6.400000000000000000e+02 -3.899626000387640011e-04
6.400000000000000000e+02 7.200000000000000000e+02 -2.753655000640570206e-04
7.200000000000000000e+02 8.000000000000000000e+02 -1.963517001027100081e-04
8.000000000000000000e+02 9.000000000000000000e+02 -1.710106001982799966e-04
9.000000000000000000e+02 1.000000000000000000e+03 -1.166157003054300000e-04
1.000000000000000000e+03 1.150000000000000000e+03 -1.128192007550399978e-04
1.150000000000000000e+03 1.300000000000000000e+03 -6.873305126199999633e-05
1.300000000000000000e+03 1.500000000000000000e+03 -5.418548289729999785e-05
1.500000000000000000e+03 1.700000000000000000e+03 -3.093517494239999757e-05
1.700000000000000000e+03 2.000000000000000000e+03 -2.528802404199999803e-05
2.000000000000000000e+03 2.300000000000000000e+03 -1.299803386399999992e-05
2.300000000000000000e+03 3.500000000000000000e+03 -3.809940000000000321e-05
