2.500000000000000000e+02 4.000000000000000000e+02 2.074999999999999954e-05
4.000000000000000000e+02 4.800000000000000000e+02 2.972500000000000085e-05
4.800000000000000000e+02 5.600000000000000000e+02 1.990299999999999901e-05
5.600000000000000000e+02 6.400000000000000000e+02 1.272199999999999949e-05
6.400000000000000000e+02 7.200000000000000000e+02 8.210199999999999760e-06
7.200000000000000000e+02 8.000000000000000000e+02 5.421899999999999707e-06
8.000000000000000000e+02 9.000000000000000000e+02 4.355399999999999838e-06
9.000000000000000000e+02 1.000000000000000000e+03 2.740600000000000069e-06
1.000000000000000000e+03 1.150000000000000000e+03 2.413400000000000051e-06
1.150000000000000000e+03 1.300000000000000000e+03 1.314899999999999896e-06
1.300000000000000000e+03 1.500000000000000000e+03 9.188099999999999537e-07
1.500000000000000000e+03 1.700000000000000000e+03 4.574199999999999759e-07
1.700000000000000000e+03 2.000000000000000000e+03 3.122699999999999765e-07
2.000000000000000000e+03 2.300000000000000000e+03 1.269200000000000009e-07
2.300000000000000000e+03 3.500000000000000000e+03 9.410699999999999690e-08
