2.500000000000000000e+02 4.000000000000000000e+02 1.712600000000000103e-04
4.000000000000000000e+02 4.800000000000000000e+02 1.099200000000000047e-04
4.800000000000000000e+02 5.600000000000000000e+02 4.561100000000000088e-05
5.600000000000000000e+02 6.400000000000000000e+02 2.284000000000000155e-05
6.400000000000000000e+02 7.200000000000000000e+02 1.273299999999999989e-05
7.200000000000000000e+02 8.000000000000000000e+02 7.649199999999999541e-06
8.000000000000000000e+02 9.000000000000000000e+02 5.705200000000000027e-06
9.000000000000000000e+02 1.000000000000000000e+03 3.385700000000000042e-06
1.000000000000000000e+03 1.150000000000000000e+03 2.849999999999999818e-06
1.150000000000000000e+03 1.300000000000000000e+03 1.489899999999999914e-06
1.300000000000000000e+03 1.500000000000000000e+03 1.009400000000000026e-06
1.500000000000000000e+03 1.700000000000000000e+03 4.920899999999999549e-07
1.700000000000000000e+03 2.000000000000000000e+03 3.298000000000000018e-07
2.000000000000000000e+03 2.300000000000000000e+03 1.320299999999999984e-07
2.300000000000000000e+03 3.500000000000000000e+03 9.659399999999999793e-08
