2.500000000000000000e+02 4.000000000000000000e+02 -8.606640000001748259e-05
4.000000000000000000e+02 4.800000000000000000e+02 -1.389868000000665587e-04
4.800000000000000000e+02 5.600000000000000000e+02 -1.040336000001423417e-04
5.600000000000000000e+02 6.400000000000000000e+02 -7.290380000025220391e-05
6.400000000000000000e+02 7.200000000000000000e+02 -5.105080000041279222e-05
7.200000000000000000e+02 8.000000000000000000e+02 -3.612667000062881573e-05
8.000000000000000000e+02 9.000000000000000000e+02 -3.116070000122320502e-05
9.000000000000000000e+02 1.000000000000000000e+03 -2.101500000178449976e-05
1.000000000000000000e+03 1.150000000000000000e+03 -1.994896000406729856e-05
1.150000000000000000e+03 1.300000000000000000e+03 -1.181844000642239994e-05
1.300000000000000000e+03 1.500000000000000000e+03 -8.980710012963999460e-06
1.500000000000000000e+03 1.700000000000000000e+03 -4.904772019330999582e-06
1.700000000000000000e+03 2.000000000000000000e+03 -3.691246042126999737e-06
2.000000000000000000e+03 2.300000000000000000e+03 -1.674935060627000008e-06
2.300000000000000000e+03 3.500000000000000000e+03 -1.504462819440000021e-06
