2.500000000000000000e+02 4.000000000000000000e+02 3.910150156549999784e-02
4.000000000000000000e+02 4.800000000000000000e+02 4.663410236010000209e-02
4.800000000000000000e+02 5.600000000000000000e+02 2.489455183659999848e-02
5.600000000000000000e+02 6.400000000000000000e+02 1.304306137200000014e-02
6.400000000000000000e+02 7.200000000000000000e+02 7.090661056800000306e-03
7.200000000000000000e+02 8.000000000000000000e+02 3.990713838149999824e-03
8.000000000000000000e+02 9.000000000000000000e+02 2.763527794159999912e-03
9.000000000000000000e+02 1.000000000000000000e+03 1.479536627910000082e-03
1.000000000000000000e+03 1.150000000000000000e+03 1.103377662929999961e-03
1.150000000000000000e+03 1.300000000000000000e+03 4.989181627600000266e-04
1.300000000000000000e+03 1.500000000000000000e+03 2.903159108900000120e-04
1.500000000000000000e+03 1.700000000000000000e+03 1.196741618900000015e-04
1.700000000000000000e+03 2.000000000000000000e+03 6.729442298000000737e-05
2.000000000000000000e+03 2.300000000000000000e+03 2.203688720000000003e-05
2.300000000000000000e+03 3.500000000000000000e+03 1.255255711000000122e-05
