2.500000000000000000e+02 4.000000000000000000e+02 -1.304836006173099895e-02
4.000000000000000000e+02 4.800000000000000000e+02 -2.409650036900000056e-02
4.800000000000000000e+02 5.600000000000000000e+02 -2.270941158399999993e-02
5.600000000000000000e+02 6.400000000000000000e+02 -2.313020950120000044e-02
6.400000000000000000e+02 7.200000000000000000e+02 -3.545306015000000005e-02
7.200000000000000000e+02 8.000000000000000000e+02 -1.059230000000000067e-02
8.000000000000000000e+02 9.000000000000000000e+02 1.411378227999999894e-02
9.000000000000000000e+02 1.000000000000000000e+03 4.068588501999999447e-03
1.000000000000000000e+03 1.150000000000000000e+03 2.216369321000000170e-03
1.150000000000000000e+03 1.300000000000000000e+03 8.107285179000000468e-04
1.300000000000000000e+03 1.500000000000000000e+03 4.119751744999999789e-04
1.500000000000000000e+03 1.700000000000000000e+03 1.538980568200000085e-04
1.700000000000000000e+03 2.000000000000000000e+03 8.118357923000000848e-05
2.000000000000000000e+03 2.300000000000000000e+03 2.526597193999999944e-05
2.300000000000000000e+03 3.500000000000000000e+03 1.371417590000000101e-05
