2.500000000000000000e+02 4.000000000000000000e+02 -1.227898000049847116e-03
4.000000000000000000e+02 4.800000000000000000e+02 -2.003701000199349744e-03
4.800000000000000000e+02 5.600000000000000000e+02 -1.522880000449350086e-03
5.600000000000000000e+02 6.400000000000000000e+02 -1.086274000852649902e-03
6.400000000000000000e+02 7.200000000000000000e+02 -7.791410014754000021e-04
7.200000000000000000e+02 8.000000000000000000e+02 -5.650320024632999975e-04
8.000000000000000000e+02 9.000000000000000000e+02 -5.053325051339999964e-04
9.000000000000000000e+02 1.000000000000000000e+03 -3.563997088421999712e-04
1.000000000000000000e+03 1.150000000000000000e+03 -3.602371255950000172e-04
1.150000000000000000e+03 1.300000000000000000e+03 -2.359985513339999785e-04
1.300000000000000000e+03 1.500000000000000000e+03 -2.081797710300000055e-04
1.500000000000000000e+03 1.700000000000000000e+03 -1.449416407099999953e-04
1.700000000000000000e+03 2.000000000000000000e+03 -1.899812070000000226e-04
2.000000000000000000e+03 2.300000000000000000e+03 -1.878357200000000163e-04
2.300000000000000000e+03 3.500000000000000000e+03 5.083767199999999955e-05
