2.500000000000000000e+02 4.000000000000000000e+02 3.900540158579999389e-02
4.000000000000000000e+02 4.800000000000000000e+02 4.657500230710000244e-02
4.800000000000000000e+02 5.600000000000000000e+02 2.480855181509999952e-02
5.600000000000000000e+02 6.400000000000000000e+02 1.305344136489999980e-02
6.400000000000000000e+02 7.200000000000000000e+02 7.108891074600000651e-03
7.200000000000000000e+02 8.000000000000000000e+02 4.003646829269999485e-03
8.000000000000000000e+02 9.000000000000000000e+02 2.764220806580000231e-03
9.000000000000000000e+02 1.000000000000000000e+03 1.483575603240000051e-03
1.000000000000000000e+03 1.150000000000000000e+03 1.104093662479999896e-03
1.150000000000000000e+03 1.300000000000000000e+03 4.988674704300000281e-04
1.300000000000000000e+03 1.500000000000000000e+03 2.904029103700000222e-04
1.500000000000000000e+03 1.700000000000000000e+03 1.195139656599999940e-04
1.700000000000000000e+03 2.000000000000000000e+03 6.720991580000000229e-05
2.000000000000000000e+03 2.300000000000000000e+03 2.207329696999999987e-05
2.300000000000000000e+03 3.500000000000000000e+03 1.256698216000000148e-05
