2.500000000000000000e+02 4.000000000000000000e+02 4.206630195760000662e-02
4.000000000000000000e+02 4.800000000000000000e+02 4.912880272780000002e-02
4.800000000000000000e+02 5.600000000000000000e+02 2.585290203729999695e-02
5.600000000000000000e+02 6.400000000000000000e+02 1.341805150169999954e-02
6.400000000000000000e+02 7.200000000000000000e+02 7.259661134799999874e-03
7.200000000000000000e+02 8.000000000000000000e+02 4.074004879710000152e-03
8.000000000000000000e+02 9.000000000000000000e+02 2.800740832909999999e-03
9.000000000000000000e+02 1.000000000000000000e+03 1.502205645260000109e-03
1.000000000000000000e+03 1.150000000000000000e+03 1.114376694260000005e-03
1.150000000000000000e+03 1.300000000000000000e+03 5.028134704499999863e-04
1.300000000000000000e+03 1.500000000000000000e+03 2.923157201899999986e-04
1.500000000000000000e+03 1.700000000000000000e+03 1.201861725099999959e-04
1.700000000000000000e+03 2.000000000000000000e+03 6.749883908000000362e-05
2.000000000000000000e+03 2.300000000000000000e+03 2.204566972999999724e-05
2.300000000000000000e+03 3.500000000000000000e+03 1.257330919000000006e-05
