2.500000000000000000e+02 4.000000000000000000e+02 -2.527020046023000302e-02
4.000000000000000000e+02 4.800000000000000000e+02 -5.396880453350000328e-02
4.800000000000000000e+02 5.600000000000000000e+02 -7.845839727400000241e-02
5.600000000000000000e+02 6.400000000000000000e+02 7.930945999999999829e-02
6.400000000000000000e+02 7.200000000000000000e+02 3.611423167000000350e-02
7.200000000000000000e+02 8.000000000000000000e+02 1.096556715400000097e-02
8.000000000000000000e+02 9.000000000000000000e+02 5.627078724100000214e-03
9.000000000000000000e+02 1.000000000000000000e+03 2.486616859600000208e-03
1.000000000000000000e+03 1.150000000000000000e+03 1.622902090200000098e-03
1.150000000000000000e+03 1.300000000000000000e+03 6.611155587000000977e-04
1.300000000000000000e+03 1.500000000000000000e+03 3.580882531699999967e-04
1.500000000000000000e+03 1.700000000000000000e+03 1.397774256199999920e-04
1.700000000000000000e+03 2.000000000000000000e+03 7.550837972000000041e-05
2.000000000000000000e+03 2.300000000000000000e+03 2.397347674000000170e-05
2.300000000000000000e+03 3.500000000000000000e+03 1.325550127999999996e-05
