5.750000000000000000e+02 4.286400000000000160e-06
7.250000000000000000e+02 4.721499999999999603e-06
8.750000000000000000e+02 4.924200000000000220e-06
1.025000000000000000e+03 5.054400000000000261e-06
1.175000000000000000e+03 5.132599999999999783e-06
1.325000000000000000e+03 5.174299999999999740e-06
1.475000000000000000e+03 5.215699999999999885e-06
1.625000000000000000e+03 5.242200000000000394e-06
1.775000000000000000e+03 5.260899999999999893e-06
1.925000000000000000e+03 5.285499999999999624e-06
2.075000000000000000e+03 5.283699999999999912e-06
2.225000000000000000e+03 5.312499999999999535e-06
2.375000000000000000e+03 5.312999999999999784e-06
2.525000000000000000e+03 5.302599999999999850e-06
2.675000000000000000e+03 5.319200000000000673e-06
2.825000000000000000e+03 5.320699999999999727e-06
2.975000000000000000e+03 5.327900000000000268e-06
3.125000000000000000e+03 5.330699999999999631e-06
3.275000000000000000e+03 5.334100000000000310e-06
3.425000000000000000e+03 5.344299999999999806e-06
3.575000000000000000e+03 5.341199999999999785e-06
3.725000000000000000e+03 5.337600000000000362e-06
3.875000000000000000e+03 5.340200000000000133e-06
4.025000000000000000e+03 5.347699999999999638e-06
4.175000000000000000e+03 5.339800000000000103e-06
4.325000000000000000e+03 5.351400000000000128e-06
4.475000000000000000e+03 5.346200000000000584e-06
4.625000000000000000e+03 5.344699999999999836e-06
4.775000000000000000e+03 5.359500000000000101e-06
4.925000000000000000e+03 5.361900000000000281e-06
5.075000000000000000e+03 5.347699999999999638e-06
5.225000000000000000e+03 5.349899999999999380e-06
5.375000000000000000e+03 5.346499999999999548e-06
5.525000000000000000e+03 5.347200000000000236e-06
5.675000000000000000e+03 5.353499999999999650e-06
5.825000000000000000e+03 5.362000000000000501e-06
5.975000000000000000e+03 5.353900000000000527e-06
6.125000000000000000e+03 5.354600000000000368e-06
6.275000000000000000e+03 5.368699999999999945e-06
6.425000000000000000e+03 5.363099999999999524e-06
6.575000000000000000e+03 5.361699999999999843e-06
6.725000000000000000e+03 5.351500000000000347e-06
6.875000000000000000e+03 5.362899999999999933e-06
7.025000000000000000e+03 5.360100000000000570e-06
7.175000000000000000e+03 5.357699999999999542e-06
7.325000000000000000e+03 5.359100000000000071e-06
7.475000000000000000e+03 5.365899999999999735e-06
7.625000000000000000e+03 5.361500000000000251e-06
7.775000000000000000e+03 5.359699999999999693e-06
7.925000000000000000e+03 5.358599999999999822e-06
8.075000000000000000e+03 5.373800000000000117e-06
8.225000000000000000e+03 5.355000000000000398e-06
8.375000000000000000e+03 5.357600000000000170e-06
8.525000000000000000e+03 5.367000000000000453e-06
8.675000000000000000e+03 5.364399999999999834e-06
8.825000000000000000e+03 5.357600000000000170e-06
8.975000000000000000e+03 5.364200000000000242e-06
9.125000000000000000e+03 5.364100000000000023e-06
9.275000000000000000e+03 5.350600000000000068e-06
9.425000000000000000e+03 5.366200000000000393e-06
9.575000000000000000e+03 5.363099999999999524e-06
9.725000000000000000e+03 5.364900000000000083e-06
9.875000000000000000e+03 5.361100000000000221e-06
