1.000000000000000021e-03 5.911070193620671098e+00
1.000000000000000021e-02 5.907236004699511156e+00
1.000000000000000056e-01 5.908148943840320300e+00
1.000000000000000000e+00 5.908903779087395058e+00
1.000000000000000000e+01 5.910389485979811397e+00
1.000000000000000000e+02 5.882884529136038765e+00
2.000000000000000000e+02 5.817662202589693798e+00
3.000000000000000000e+02 5.698095773710432077e+00
4.000000000000000000e+02 5.522113586319103540e+00
5.000000000000000000e+02 5.275957442677777998e+00
6.000000000000000000e+02 4.940142663612980378e+00
7.000000000000000000e+02 4.445875242132061089e+00
7.100000000000000000e+02 4.380848001656095114e+00
8.000000000000000000e+02 3.495823816081239599e+00
1.000000000000000000e+03 3.121716945426048273e+00
1.075000000000000000e+03 3.061030410786950817e+00
1.225000000000000000e+03 3.122083559951926546e+00
1.400000000000000000e+03 3.232572949866411083e+00
1.600000000000000000e+03 3.409909319289630591e+00
1.850000000000000000e+03 3.909572471888857148e+00
2.150000000000000000e+03 4.335981446532529482e+00
2.900000000000000000e+03 5.817248123321914655e+00
3.200000000000000000e+03 6.589864049616150687e+00
3.500000000000000000e+03 7.495648900252334990e+00
4.000000000000000000e+03 9.424434963799230403e+00
5.000000000000000000e+03 1.837821671960784542e+01
6.000000000000000000e+03 3.125986676445688772e+01
7.000000000000000000e+03 4.427007030791583730e+01
