2.500000000000000000e+02 4.000000000000000000e+02 3.911316900000000318e-02
4.000000000000000000e+02 5.500000000000000000e+02 7.215181799999999257e-02
5.500000000000000000e+02 7.000000000000000000e+02 2.273534199999999866e-02
7.000000000000000000e+02 8.500000000000000000e+02 7.749607000000000370e-03
8.500000000000000000e+02 1.000000000000000000e+03 2.987371999999999857e-03
1.000000000000000000e+03 1.150000000000000000e+03 1.270723099999999895e-03
1.150000000000000000e+03 1.300000000000000000e+03 5.808627000000000451e-04
1.300000000000000000e+03 1.450000000000000000e+03 2.838229000000000164e-04
1.450000000000000000e+03 1.600000000000000000e+03 1.455376999999999940e-04
1.600000000000000000e+03 1.750000000000000000e+03 7.787664000000000186e-05
1.750000000000000000e+03 1.900000000000000000e+03 4.311167000000000054e-05
1.900000000000000000e+03 2.050000000000000000e+03 2.457433999999999552e-05
2.050000000000000000e+03 2.200000000000000000e+03 1.431403999999999992e-05
2.200000000000000000e+03 2.350000000000000000e+03 8.544849000000000628e-06
2.350000000000000000e+03 2.500000000000000000e+03 5.217525999999999891e-06
2.500000000000000000e+03 2.650000000000000000e+03 3.221815000000000001e-06
2.650000000000000000e+03 2.800000000000000000e+03 2.016854999999999937e-06
2.800000000000000000e+03 2.950000000000000000e+03 1.281849899999999909e-06
2.950000000000000000e+03 3.100000000000000000e+03 8.222974000000000427e-07
3.100000000000000000e+03 3.250000000000000000e+03 5.308874000000000029e-07
3.250000000000000000e+03 3.400000000000000000e+03 3.457828000000000091e-07
3.400000000000000000e+03 3.550000000000000000e+03 2.283532299999999675e-07
3.550000000000000000e+03 3.700000000000000000e+03 1.504908699999999990e-07
3.700000000000000000e+03 3.850000000000000000e+03 1.002872500000000102e-07
