2.500000000000000000e+02 4.000000000000000000e+02 1.162136000000000138e+02
4.000000000000000000e+02 5.500000000000000000e+02 2.765131000000000085e+02
5.500000000000000000e+02 7.000000000000000000e+02 1.031197999999999979e+02
7.000000000000000000e+02 8.500000000000000000e+02 3.830138999999999783e+01
8.500000000000000000e+02 1.000000000000000000e+03 1.556840099999999971e+01
1.000000000000000000e+03 1.150000000000000000e+03 6.897454999999999892e+00
1.150000000000000000e+03 1.300000000000000000e+03 3.275745699999999871e+00
1.300000000000000000e+03 1.450000000000000000e+03 1.646395700000000017e+00
1.450000000000000000e+03 1.600000000000000000e+03 8.678437499999999138e-01
1.600000000000000000e+03 1.750000000000000000e+03 4.756697300000000128e-01
1.750000000000000000e+03 1.900000000000000000e+03 2.689583999999999864e-01
1.900000000000000000e+03 2.050000000000000000e+03 1.559074910000000092e-01
2.050000000000000000e+03 2.200000000000000000e+03 9.291333000000001618e-02
2.200000000000000000e+03 2.350000000000000000e+03 5.639059400000000222e-02
2.350000000000000000e+03 2.500000000000000000e+03 3.479992299999999650e-02
2.500000000000000000e+03 2.650000000000000000e+03 2.183309580000000055e-02
2.650000000000000000e+03 2.800000000000000000e+03 1.385411559999999952e-02
2.800000000000000000e+03 2.950000000000000000e+03 8.904407300000000136e-03
2.950000000000000000e+03 3.100000000000000000e+03 5.782725970000000305e-03
3.100000000000000000e+03 3.250000000000000000e+03 3.794572520000000053e-03
3.250000000000000000e+03 3.400000000000000000e+03 2.493291199999999978e-03
3.400000000000000000e+03 3.550000000000000000e+03 1.657975390000000077e-03
3.550000000000000000e+03 3.700000000000000000e+03 1.110570479999999994e-03
3.700000000000000000e+03 3.850000000000000000e+03 7.478104340000000117e-04
