2.500000000000000000e+02 4.000000000000000000e+02 2.076800000000000174e-05
4.000000000000000000e+02 5.500000000000000000e+02 5.184400000000000033e-05
5.500000000000000000e+02 7.000000000000000000e+02 2.472999999999999870e-05
7.000000000000000000e+02 8.500000000000000000e+02 1.177600000000000042e-05
8.500000000000000000e+02 1.000000000000000000e+03 5.946499999999999732e-06
1.000000000000000000e+03 1.150000000000000000e+03 3.180999999999999698e-06
1.150000000000000000e+03 1.300000000000000000e+03 1.788000000000000076e-06
1.300000000000000000e+03 1.450000000000000000e+03 1.035900000000000111e-06
1.450000000000000000e+03 1.600000000000000000e+03 6.240400000000000214e-07
1.600000000000000000e+03 1.750000000000000000e+03 3.850900000000000158e-07
1.750000000000000000e+03 1.900000000000000000e+03 2.418799999999999927e-07
1.900000000000000000e+03 2.050000000000000000e+03 1.553300000000000019e-07
2.050000000000000000e+03 2.200000000000000000e+03 1.012400000000000119e-07
2.200000000000000000e+03 2.350000000000000000e+03 6.696500000000000440e-08
2.350000000000000000e+03 2.500000000000000000e+03 4.468499999999999944e-08
2.500000000000000000e+03 2.650000000000000000e+03 3.022399999999999985e-08
2.650000000000000000e+03 2.800000000000000000e+03 2.055299999999999882e-08
2.800000000000000000e+03 2.950000000000000000e+03 1.411799999999999943e-08
2.950000000000000000e+03 3.100000000000000000e+03 9.729899999999999663e-09
3.100000000000000000e+03 3.250000000000000000e+03 6.728299999999999606e-09
3.250000000000000000e+03 3.400000000000000000e+03 4.690000000000000141e-09
3.400000000000000000e+03 3.550000000000000000e+03 3.279500000000000101e-09
3.550000000000000000e+03 3.700000000000000000e+03 2.300099999999999946e-09
3.700000000000000000e+03 3.850000000000000000e+03 1.618900000000000065e-09
