3.500000000000000000e+02 5.000000000000000000e+02 5.209285999999999639e+00
5.000000000000000000e+02 6.500000000000000000e+02 8.557291000000000203e-01
6.500000000000000000e+02 8.000000000000000000e+02 1.874502800000000247e-01
8.000000000000000000e+02 9.500000000000000000e+02 5.035038900000000234e-02
9.500000000000000000e+02 1.100000000000000000e+03 1.551094589999999981e-02
1.100000000000000000e+03 1.250000000000000000e+03 5.264888900000000427e-03
1.250000000000000000e+03 1.400000000000000000e+03 1.952295229999999890e-03
1.400000000000000000e+03 1.550000000000000000e+03 7.586948629999999911e-04
1.550000000000000000e+03 1.700000000000000000e+03 3.079800639999999770e-04
1.700000000000000000e+03 1.850000000000000000e+03 1.313907282000000021e-04
1.850000000000000000e+03 2.000000000000000000e+03 5.698550879999999988e-05
2.000000000000000000e+03 2.150000000000000000e+03 2.610553892000000076e-05
2.150000000000000000e+03 2.300000000000000000e+03 1.206579012999999930e-05
2.300000000000000000e+03 2.450000000000000000e+03 5.902225483000000223e-06
2.450000000000000000e+03 2.600000000000000000e+03 2.894523218000000140e-06
2.600000000000000000e+03 2.750000000000000000e+03 1.490741576999999917e-06
2.750000000000000000e+03 2.900000000000000000e+03 7.761930397999999904e-07
2.900000000000000000e+03 3.050000000000000000e+03 4.092263886999999844e-07
3.050000000000000000e+03 3.200000000000000000e+03 2.193576658400000066e-07
3.200000000000000000e+03 3.350000000000000000e+03 1.192035630199999992e-07
3.350000000000000000e+03 3.500000000000000000e+03 6.333135306400000605e-08
3.500000000000000000e+03 3.650000000000000000e+03 3.393764735000000179e-08
3.650000000000000000e+03 3.800000000000000000e+03 1.785052286989999993e-08
3.800000000000000000e+03 3.950000000000000000e+03 9.159019873199999192e-09
