3.500000000000000000e+02 5.000000000000000000e+02 1.620972999999999945e-03
5.000000000000000000e+02 6.500000000000000000e+02 2.649514000000000057e-04
6.500000000000000000e+02 8.000000000000000000e+02 5.577510000000000069e-05
8.000000000000000000e+02 9.500000000000000000e+02 1.382086000000000069e-05
9.500000000000000000e+02 1.100000000000000000e+03 3.958489000000000209e-06
1.100000000000000000e+03 1.250000000000000000e+03 1.241440599999999984e-06
1.250000000000000000e+03 1.400000000000000000e+03 4.215719999999999847e-07
1.400000000000000000e+03 1.550000000000000000e+03 1.517461599999999859e-07
1.550000000000000000e+03 1.700000000000000000e+03 5.704538000000000097e-08
1.700000000000000000e+03 1.850000000000000000e+03 2.214901700000000079e-08
1.850000000000000000e+03 2.000000000000000000e+03 8.785202000000000451e-09
2.000000000000000000e+03 2.150000000000000000e+03 3.562050800000000378e-09
2.150000000000000000e+03 2.300000000000000000e+03 1.459422900000000213e-09
2.300000000000000000e+03 2.450000000000000000e+03 5.976754300000000610e-10
2.450000000000000000e+03 2.600000000000000000e+03 2.436330100000000344e-10
2.600000000000000000e+03 2.750000000000000000e+03 1.007752259999999970e-10
2.750000000000000000e+03 2.900000000000000000e+03 4.079667300000000908e-11
2.900000000000000000e+03 3.050000000000000000e+03 1.647606749999999905e-11
3.050000000000000000e+03 3.200000000000000000e+03 6.570543700000000107e-12
3.200000000000000000e+03 3.350000000000000000e+03 2.579247979999999824e-12
3.350000000000000000e+03 3.500000000000000000e+03 9.970536930000000129e-13
3.500000000000000000e+03 3.650000000000000000e+03 3.751129250000000770e-13
3.650000000000000000e+03 3.800000000000000000e+03 1.392004022000000122e-13
3.800000000000000000e+03 3.950000000000000000e+03 4.949968569999999397e-14
