3.500000000000000000e+02 5.000000000000000000e+02 6.154200000000000302e-06
5.000000000000000000e+02 6.500000000000000000e+02 1.829300000000000002e-06
6.500000000000000000e+02 8.000000000000000000e+02 6.142599999999999430e-07
8.000000000000000000e+02 9.500000000000000000e+02 2.282399999999999844e-07
9.500000000000000000e+02 1.100000000000000000e+03 9.043999999999999457e-08
1.100000000000000000e+03 1.250000000000000000e+03 3.798100000000000109e-08
1.250000000000000000e+03 1.400000000000000000e+03 1.647200000000000019e-08
1.400000000000000000e+03 1.550000000000000000e+03 7.482799999999999017e-09
1.550000000000000000e+03 1.700000000000000000e+03 3.414499999999999738e-09
1.700000000000000000e+03 1.850000000000000000e+03 1.587900000000000069e-09
1.850000000000000000e+03 2.000000000000000000e+03 7.525299999999999852e-10
2.000000000000000000e+03 2.150000000000000000e+03 3.558899999999999984e-10
2.150000000000000000e+03 2.300000000000000000e+03 1.694100000000000126e-10
2.300000000000000000e+03 2.450000000000000000e+03 8.020599999999999166e-11
2.450000000000000000e+03 2.600000000000000000e+03 3.700900000000000114e-11
2.600000000000000000e+03 2.750000000000000000e+03 1.713799999999999745e-11
2.750000000000000000e+03 2.900000000000000000e+03 7.852899999999999385e-12
2.900000000000000000e+03 3.050000000000000000e+03 3.551100000000000085e-12
3.050000000000000000e+03 3.200000000000000000e+03 1.572900000000000093e-12
3.200000000000000000e+03 3.350000000000000000e+03 6.786099999999999731e-13
3.350000000000000000e+03 3.500000000000000000e+03 2.865800000000000269e-13
3.500000000000000000e+03 3.650000000000000000e+03 1.182299999999999920e-13
3.650000000000000000e+03 3.800000000000000000e+03 4.731899999999999759e-14
3.800000000000000000e+03 3.950000000000000000e+03 1.840199999999999886e-14
