2.500000000000000000e+02 4.000000000000000000e+02 3.902070154280000425e-02
4.000000000000000000e+02 4.800000000000000000e+02 4.657550232789999661e-02
4.800000000000000000e+02 5.600000000000000000e+02 2.488866180539999959e-02
5.600000000000000000e+02 6.400000000000000000e+02 1.306112136979999984e-02
6.400000000000000000e+02 7.200000000000000000e+02 7.090161057000000412e-03
7.200000000000000000e+02 8.000000000000000000e+02 4.008520834240000656e-03
8.000000000000000000e+02 9.000000000000000000e+02 2.760809806790000178e-03
9.000000000000000000e+02 1.000000000000000000e+03 1.486801611320000098e-03
1.000000000000000000e+03 1.150000000000000000e+03 1.102538664719999876e-03
1.150000000000000000e+03 1.300000000000000000e+03 4.991629487699999991e-04
1.300000000000000000e+03 1.500000000000000000e+03 2.905466146500000385e-04
1.500000000000000000e+03 1.700000000000000000e+03 1.197228657400000102e-04
1.700000000000000000e+03 2.000000000000000000e+03 6.730947243000000258e-05
2.000000000000000000e+03 2.300000000000000000e+03 2.206475849999999902e-05
2.300000000000000000e+03 3.500000000000000000e+03 1.255348342000000059e-05
