2.500000000000000000e+02 4.000000000000000000e+02 2.069299999999999991e-05
4.000000000000000000e+02 4.800000000000000000e+02 2.968500000000000123e-05
4.800000000000000000e+02 5.600000000000000000e+02 1.988599999999999900e-05
5.600000000000000000e+02 6.400000000000000000e+02 1.268799999999999948e-05
6.400000000000000000e+02 7.200000000000000000e+02 8.217999999999999922e-06
7.200000000000000000e+02 8.000000000000000000e+02 5.432600000000000299e-06
8.000000000000000000e+02 9.000000000000000000e+02 4.355600000000000277e-06
9.000000000000000000e+02 1.000000000000000000e+03 2.734099999999999793e-06
1.000000000000000000e+03 1.150000000000000000e+03 2.415499999999999997e-06
1.150000000000000000e+03 1.300000000000000000e+03 1.314200000000000055e-06
1.300000000000000000e+03 1.500000000000000000e+03 9.168999999999999584e-07
1.500000000000000000e+03 1.700000000000000000e+03 4.569099999999999800e-07
1.700000000000000000e+03 2.000000000000000000e+03 3.124500000000000218e-07
2.000000000000000000e+03 2.300000000000000000e+03 1.266000000000000087e-07
2.300000000000000000e+03 3.500000000000000000e+03 9.402000000000000413e-08
