5.750000000000000000e+02 3.903483699999999931e-03
7.250000000000000000e+02 3.015097999999999910e-03
8.750000000000000000e+02 2.352339000000000166e-03
1.025000000000000000e+03 1.873959000000000128e-03
1.175000000000000000e+03 1.532119999999999880e-03
1.325000000000000000e+03 1.274303000000000068e-03
1.475000000000000000e+03 1.076300000000000087e-03
1.625000000000000000e+03 9.206814999999999704e-04
1.775000000000000000e+03 7.992048999999999551e-04
1.925000000000000000e+03 6.996131000000000051e-04
2.075000000000000000e+03 6.186672999999999305e-04
2.225000000000000000e+03 5.511392000000000374e-04
2.375000000000000000e+03 4.943338999999999936e-04
2.525000000000000000e+03 4.458669000000000391e-04
2.675000000000000000e+03 4.048760999999999571e-04
2.825000000000000000e+03 3.691594000000000082e-04
2.975000000000000000e+03 3.381407999999999593e-04
3.125000000000000000e+03 3.110935000000000328e-04
3.275000000000000000e+03 2.865586000000000045e-04
3.425000000000000000e+03 2.659287500000000041e-04
3.575000000000000000e+03 2.465035899999999951e-04
3.725000000000000000e+03 2.296145399999999844e-04
3.875000000000000000e+03 2.145648700000000076e-04
4.025000000000000000e+03 2.009347000000000195e-04
4.175000000000000000e+03 1.886008100000000195e-04
4.325000000000000000e+03 1.772683400000000077e-04
4.475000000000000000e+03 1.668797300000000232e-04
4.625000000000000000e+03 1.577205200000000103e-04
4.775000000000000000e+03 1.493646300000000052e-04
4.925000000000000000e+03 1.413225800000000268e-04
5.075000000000000000e+03 1.340046300000000167e-04
5.225000000000000000e+03 1.271955900000000051e-04
5.375000000000000000e+03 1.213668699999999963e-04
5.525000000000000000e+03 1.153971800000000057e-04
5.675000000000000000e+03 1.101836600000000041e-04
5.825000000000000000e+03 1.051876680000000085e-04
5.975000000000000000e+03 1.004612209999999835e-04
6.125000000000000000e+03 9.614140800000000946e-05
6.275000000000000000e+03 9.213450000000000361e-05
6.425000000000000000e+03 8.840685099999998119e-05
6.575000000000000000e+03 8.481943499999999880e-05
6.725000000000000000e+03 8.144388000000000669e-05
6.875000000000000000e+03 7.826906299999999788e-05
7.025000000000000000e+03 7.521316600000000046e-05
7.175000000000000000e+03 7.250559600000000158e-05
7.325000000000000000e+03 6.992079599999999882e-05
7.475000000000000000e+03 6.752480899999999217e-05
7.625000000000000000e+03 6.528216099999999643e-05
7.775000000000000000e+03 6.293206100000000008e-05
7.925000000000000000e+03 6.083428700000000582e-05
8.075000000000000000e+03 5.881298199999999147e-05
8.225000000000000000e+03 5.684552500000000493e-05
8.375000000000000000e+03 5.505154800000000440e-05
8.525000000000000000e+03 5.332111800000000952e-05
8.675000000000000000e+03 5.174774800000000395e-05
8.825000000000000000e+03 5.023384300000000442e-05
8.975000000000000000e+03 4.870461799999999705e-05
9.125000000000000000e+03 4.723069230000000125e-05
9.275000000000000000e+03 4.581292189999999829e-05
9.425000000000000000e+03 4.450234100000000130e-05
9.575000000000000000e+03 4.328053550000000730e-05
9.725000000000000000e+03 4.203196480000000114e-05
9.875000000000000000e+03 4.099248269999999624e-05
