1.536340602678948564e+00 1.525389036454448052e-02
1.415909136160199644e+00 1.240888970430923874e-02
1.426068971035706623e+00 1.501999479961336689e-02
1.432435161843913507e+00 1.861242208939350301e-02
1.465258416856000334e+00 2.329844170041106208e-02
1.479233459078654667e+00 3.012759891640638676e-02
1.465242611646897064e+00 3.460454825315224803e-02
1.469928667701126512e+00 4.453377515580492912e-02
1.516217663342074529e+00 5.100078315031904980e-02
1.498564312395889608e+00 7.904173914093158559e-02
1.444235691713987801e+00 9.608308775299531646e-02
1.641733464844244761e+00 1.505987388963746509e-01
1.675026369333204590e+00 2.118723536694234744e-01
1.419197016617617990e+00 2.451867437120617277e-01
1.675536590037091544e+00 6.734540702781774968e-01
