1.402949563301756353e+00 4.652604895658425666e-02
1.396917421302826812e+00 2.753525789071101931e-02
1.388015264466202714e+00 2.398067503812377488e-02
1.352395244161506360e+00 2.394611765804429207e-02
1.353193406918073549e+00 2.363043583380772944e-02
1.388765294255359661e+00 2.635287019924427085e-02
1.409669705698264552e+00 3.125279604204252853e-02
1.380294664092402979e+00 2.978158842932109029e-02
1.299862848468321230e+00 1.022372202212608189e-01
1.350051608057187158e+00 3.826344917357957232e-02
1.449527008834034403e+00 6.304319489848050906e-02
1.361303796497018492e+00 9.031289296346135809e-02
1.233612887269888603e+00 1.775071243244101260e-01
1.446387423973731323e+00 2.675864760224460626e-01
1.632824839632161185e+00 3.262827340370670903e-01
