5.750000000000000000e+02 1.380339999999999989e+01
7.250000000000000000e+02 1.175108999999999959e+01
8.750000000000000000e+02 9.656447000000000003e+00
1.025000000000000000e+03 8.003811999999999927e+00
1.175000000000000000e+03 6.690688999999999886e+00
1.325000000000000000e+03 5.685412999999999606e+00
1.475000000000000000e+03 4.882120099999999852e+00
1.625000000000000000e+03 4.236772600000000111e+00
1.775000000000000000e+03 3.727691199999999760e+00
1.925000000000000000e+03 3.291894399999999887e+00
2.075000000000000000e+03 2.932076700000000091e+00
2.225000000000000000e+03 2.634884699999999746e+00
2.375000000000000000e+03 2.380917000000000172e+00
2.525000000000000000e+03 2.159276210000000251e+00
2.675000000000000000e+03 1.969919450000000127e+00
2.825000000000000000e+03 1.809589310000000006e+00
2.975000000000000000e+03 1.662789950000000072e+00
3.125000000000000000e+03 1.531815120000000086e+00
3.275000000000000000e+03 1.419757469999999966e+00
3.425000000000000000e+03 1.320116530000000177e+00
3.575000000000000000e+03 1.228784249999999911e+00
3.725000000000000000e+03 1.148952179999999990e+00
3.875000000000000000e+03 1.076632000000000033e+00
4.025000000000000000e+03 1.010009970000000035e+00
4.175000000000000000e+03 9.490948169999999795e-01
4.325000000000000000e+03 8.942208970000000701e-01
4.475000000000000000e+03 8.446403960000000710e-01
4.625000000000000000e+03 7.990223530000000185e-01
4.775000000000000000e+03 7.567650479999999957e-01
4.925000000000000000e+03 7.190072690000000044e-01
5.075000000000000000e+03 6.820824409999999283e-01
5.225000000000000000e+03 6.493976050000000999e-01
5.375000000000000000e+03 6.185630120000000787e-01
5.525000000000000000e+03 5.903096140000000380e-01
5.675000000000000000e+03 5.638162869999999716e-01
5.825000000000000000e+03 5.384135890000000257e-01
5.975000000000000000e+03 5.151413070000000483e-01
6.125000000000000000e+03 4.937293179999999726e-01
6.275000000000000000e+03 4.739373590000000025e-01
6.425000000000000000e+03 4.547556589999999788e-01
6.575000000000000000e+03 4.364540319999999918e-01
6.725000000000000000e+03 4.195826469999999753e-01
6.875000000000000000e+03 4.042617519999999742e-01
7.025000000000000000e+03 3.892207030000000012e-01
7.175000000000000000e+03 3.750697746000000166e-01
7.325000000000000000e+03 3.615790410999999982e-01
7.475000000000000000e+03 3.489783853000000269e-01
7.625000000000000000e+03 3.369976221000000050e-01
7.775000000000000000e+03 3.256070079000000228e-01
7.925000000000000000e+03 3.148964845000000179e-01
8.075000000000000000e+03 3.047059693000000458e-01
8.225000000000000000e+03 2.950155225999999686e-01
8.375000000000000000e+03 2.856551052999999896e-01
8.525000000000000000e+03 2.769548518999999653e-01
8.675000000000000000e+03 2.684844918000000025e-01
8.825000000000000000e+03 2.605940925999999935e-01
8.975000000000000000e+03 2.526837860000000213e-01
9.125000000000000000e+03 2.457236009999999859e-01
9.275000000000000000e+03 2.386733828999999807e-01
9.425000000000000000e+03 2.318731153999999961e-01
9.575000000000000000e+03 2.254829161000000137e-01
9.725000000000000000e+03 2.192827196000000090e-01
9.875000000000000000e+03 2.134225559999999855e-01
