1.000000000000000000e+06 9.291193497191079648e-03
1.000000000000000000e+07 9.334117396802850408e-03
1.000000000000000000e+08 9.281048768096648860e-03
1.000000000000000000e+09 9.273838301013585111e-03
1.000000000000000000e+10 9.349671242337485519e-03
1.000000000000000000e+11 8.788477180477077128e-03
1.500000000000000000e+11 8.170999357275329084e-03
2.000000000000000000e+11 7.290488134848527660e-03
2.500000000000000000e+11 6.196686161098934401e-03
3.000000000000000000e+11 4.933694009163309621e-03
3.500000000000000000e+11 3.508858158887365620e-03
4.000000000000000000e+11 1.349944072765925073e-06
4.100000000000000000e+11 1.036931719650379158e-06
4.200000000000000000e+11 1.080403174014148136e-06
4.400000000000000000e+11 9.957971461203257748e-07
4.500000000000000000e+11 1.064850907938234749e-06
5.000000000000000000e+11 1.259129171702693858e-06
5.500000000000000000e+11 1.395960508160126659e-06
6.000000000000000000e+11 1.706989094508806507e-06
6.500000000000000000e+11 1.669668990430094780e-06
7.000000000000000000e+11 1.612941134343723826e-06
7.100000000000000000e+11 1.615223946646888010e-06
7.500000000000000000e+11 8.683694663749858349e-07
8.000000000000000000e+11 1.445973017041165863e-06
8.100000000000000000e+11 9.255706314941123899e-07
8.200000000000000000e+11 9.069063085773356058e-07
8.300000000000000000e+11 1.054192177051449100e-06
8.400000000000000000e+11 9.893338345340762068e-07
8.500000000000000000e+11 1.055716082509462162e-06
9.000000000000000000e+11 1.175228007305443303e-06
9.500000000000000000e+11 1.236848394582301017e-06
1.000000000000000000e+12 1.368294255769731564e-06
1.010000000000000000e+12 1.572598103235614060e-06
1.075000000000000000e+12 1.907743457518885133e-06
1.225000000000000000e+12 1.908926524847382479e-06
1.400000000000000000e+12 1.600727592531091049e-06
1.600000000000000000e+12 1.780481428651646492e-06
1.700000000000000000e+12 2.948718584399536443e-06
1.850000000000000000e+12 2.657312176633604860e-06
2.150000000000000000e+12 1.396393340580900772e-06
2.900000000000000000e+12 2.242245964217409043e-02
3.200000000000000000e+12 2.709539077793560874e-02
3.500000000000000000e+12 3.133063587240200037e-02
4.000000000000000000e+12 3.783372136770289662e-02
5.000000000000000000e+12 4.999719033472682650e-02
6.000000000000000000e+12 6.158257242321617947e-02
7.000000000000000000e+12 7.300297669182131965e-02
8.000000000000000000e+12 8.412342182916872357e-02
9.000000000000000000e+12 9.530248521257328465e-02
1.000000000000000000e+13 1.062969518096406607e-01
